TGTLATDD_DDD_WGS84,TGTLONDDD_DDD_WGS84
12.1775,104.899722
11.6125,104.759722
11.433055,104.80444399999999
11.927777,105.448333
12.155,104.880555
11.447777,104.935833
11.625833,104.769722
11.673055,105.11388799999999
12.1525,104.87583300000001
12.0675,105.078055
11.463055,105.3475
12.065555,105.08916599999999
14.057222,106.4375
11.750833,104.78527700000001
11.719166,104.921944
11.51,105.324722
13.552776999999999,106.434444
11.393333,105.26611100000001
11.2725,105.031944
12.146944,104.87777700000001
11.5275,104.98166599999999
11.193611,105.247222
11.161944,105.01472199999999
11.424444,105.02027700000001
12.155,104.880555
11.379444,104.93416599999999
11.437777,104.816666
11.477777,104.997222
11.457777,105.188055
11.670277,105.115555
11.190833,104.805
11.669444,105.12583300000001
11.323333,105.244722
11.516666,104.995277
11.588888,104.812777
11.439444,105.355833
11.480555,104.979722
11.558055,104.6825
12.235555,105.154444
11.358333,105.251944
11.459722,104.895555
11.398055000000001,104.868055
11.346388000000001,104.83694399999999
12.8425,104.896666
11.588055,104.815555
11.668611,105.12111100000001
11.429722,105.234444
11.026111,105.446666
11.489444,105.053055
12.048333,105.075277
11.451111000000001,104.783055
11.457777,105.011944
11.723611,104.784444
11.944444,104.785
11.689166,104.74194399999999
13.459166,105.945277
11.606944,104.761388
11.610555,104.826666
11.323888,105.244722
11.723611,104.784444
11.481388,104.8075
12.149722,104.886944
11.400833,104.86694399999999
11.435555,105.233888
11.326666000000001,105.2475
11.548055,104.75694399999999
11.453333,104.817777
12.052777,105.064444
11.481388,104.8075
11.390833,105.261944
11.447777,104.930277
11.438888,104.888888
11.609722,104.8275
11.244166,104.636111
11.556944,104.674444
11.701944000000001,104.76861099999999
12.145,104.836388
11.390833,105.261944
11.465833,104.773611
11.465833,104.912777
11.463055,105.17888799999999
11.470555000000001,104.984444
13.705832999999998,107.439444
11.462222,104.78
11.444166000000001,105.21
12.059166000000001,105.08277700000001
11.453333,104.835
11.598888,104.77444399999999
12.061944,105.06527700000001
12.696666,104.849722
11.477222,105.00444399999999
11.428888,104.811111
11.510277,105.123888
11.385555,104.86694399999999
13.386388,106.085277
11.927777,105.448333
11.578055,104.7275
11.538333,104.758888
11.433333,104.803888
11.439166,104.88444399999999
11.435,104.758888
11.296666,104.764444
11.705,104.742222
11.510277,105.12472199999999
11.204444,105.274722
11.689166,104.74194399999999
11.984722,105.39138799999999
11.483888,105.09638799999999
11.448611,104.8625
11.456944,104.892777
11.361944,105.27138799999999
11.346388000000001,104.83694399999999
11.468611,104.77805500000001
11.4775,104.7525
11.462222,104.76305500000001
11.353611,105.324444
11.443055000000001,105.2125
11.373611,105.223611
11.056111,105.195
11.442222000000001,104.794722
12.8475,104.899722
11.456944,104.866111
12.154166,104.87416599999999
11.611388,104.73861099999999
11.438888,104.924444
11.438888,104.924722
11.588888,104.809166
11.669444,105.115555
11.541944,104.757777
11.338888,104.358333
11.474166,105.138333
11.446944,104.82583299999999
11.4125,105.21555500000001
12.145277,104.87583300000001
12.147777,104.87777700000001
11.542777000000001,104.752222
11.4325,104.834166
11.298611,104.736944
11.695555,104.775277
11.291388000000001,104.84777700000001
11.469444000000001,105.133055
12.057222,105.36388799999999
12.149722,104.87416599999999
11.611388,104.82555500000001
11.457777,105.188055
11.5075,104.92833300000001
11.455,104.755277
11.447777,104.85333299999999
12.385555,106.0525
11.688333,104.7725
11.4775,104.7525
11.465833,105.17333300000001
13.386388,106.075277
12.160555,104.880555
11.446944,104.82583299999999
12.091666,105.078055
11.652222,104.71555500000001
11.581666,104.679722
11.585277,104.75694399999999
12.050277000000001,105.064444
12.851388,105.984444
11.542777000000001,104.752222
11.355555,105.324444
12.131666000000001,105.08638799999999
11.415277,105.21555500000001
11.495833,105.085277
11.286666,104.630555
11.456944,105.164166
11.509166,105.34583300000001
11.326666000000001,105.2475
11.719166,104.76333299999999
11.578888000000001,104.767777
11.578055,104.73388800000001
11.719166,104.76333299999999
11.428888,104.811111
11.461111,105.355833
11.433333,104.89833300000001
11.471388000000001,105.013888
11.218055,105.311388
12.052777,105.064444
11.606944,104.811944
11.611388,104.82555500000001
12.032222,105.08
11.588888,104.812777
11.405277,104.810277
11.574444,104.683611
11.389722,105.26138799999998
11.393611,105.00833300000001
11.570555,104.683611
11.396111,105.260277
11.586111,104.815555
11.449444,104.74333299999999
12.131666000000001,104.93666599999999
11.380833,105.26305500000001
11.538333,104.758888
11.3575,105.009166
11.443333,105.727222
11.460555000000001,105.05138799999999
11.403611,104.828055
11.583333,104.815555
11.665,105.11916599999999
11.3275,105.244722
11.436944,104.782777
11.51,105.324722
11.466666,104.776388
11.930555,105.448333
11.385,105.255277
12.684166000000001,104.950277
11.453333,104.835
12.2275,105.144444
11.218055,105.31694399999999
11.374444,104.86694399999999
12.145277,104.885
11.427777,105.334722
11.216111,105.27861100000001
11.453333,105.169722
12.048055,105.35388799999998
12.693055000000001,104.848055
12.385555,106.0525
11.6125,104.759722
11.461111,105.355833
11.286666,104.626944
11.474166,104.8725
11.661111,104.71555500000001
11.421666,105.20638799999999
11.291111,104.86166599999999
11.4425,104.88083300000001
11.420833,104.816666
11.672222,105.116666
11.453333,105.03944399999999
11.096944,105.22888799999998
12.046944,105.061944
11.436111,104.773611
11.441388,104.82305500000001
11.474166,105.138333
11.495,105.052222
11.439722,105.04138799999998
11.588888,104.770555
11.744444,104.79083299999999
10.908611,105.253611
11.225277,105.31888799999999
13.648333,106.49805500000001
11.598888,104.77444399999999
12.049166,105.3575
11.373611,104.83694399999999
11.480555,104.980833
11.688333,104.784444
11.434444000000001,104.902777
12.146944,104.87138799999998
11.457777,104.895555
11.418888,104.813888
11.428888,104.89638799999999
14.067222000000001,106.4125
11.606944,104.833055
11.133888,105.247222
11.0475,105.194722
11.490277,105.087222
11.5275,104.98166599999999
11.413333,105.22
11.927777,105.448333
11.296666,104.63166600000001
11.565277,104.709166
11.929444,105.44916599999999
11.577222,104.79722199999999
11.609444,104.659722
11.447222,105.08333300000001
11.327222,105.47388799999999
11.459722,104.91
11.458333,104.794166
12.141666,104.880555
12.134444,104.93666599999999
12.074444,105.3575
11.588888,104.809166
11.538333,104.758888
11.205277,105.274722
11.7025,104.536666
11.498611,104.98611100000001
11.51,105.324722
12.053888,105.07722199999999
11.538333,104.758888
11.1575,104.994444
11.2725,105.031944
11.504722000000001,105.32361100000001
11.462222,104.864166
11.421388,105.34833300000001
11.936111,105.25888799999998
11.302222,105.054166
11.204444,105.33444399999999
11.464722,105.353055
11.420555,105.209166
11.468611,104.91194399999999
11.454166,104.754166
13.681666,106.168888
12.439166,104.965
11.636666,104.773333
11.688333,104.7725
11.439722,104.88638799999998
12.0675,105.078055
11.016944,104.540277
11.472222,105.1375
11.511944,105.326388
11.446944,104.781666
12.153333,104.87944399999999
14.067222000000001,106.415
11.586111,104.79722199999999
12.522777,104.59777700000001
11.520277,104.992777
11.457777,105.188055
11.398888000000001,104.69833299999999
11.286666,104.626944
11.578055,104.73388800000001
11.332777,105.232777
11.467777,104.777222
11.398888000000001,105.265833
11.411944,105.256111
11.584444,104.81
11.202777000000001,105.25638799999999
11.474166,105.138333
11.448611,104.75694399999999
11.496666000000001,105.079722
11.388055,105.26138799999998
11.6975,104.784444
11.685555,104.800833
11.456944,104.8625
12.0675,105.07916599999999
11.673888,105.102777
11.453333,105.03388799999999
11.493055,105.07611100000001
11.75,105.01833300000001
11.471388000000001,104.866111
11.3475,104.87166599999999
11.526388,105.35861100000001
11.51,105.324722
12.148888000000001,104.882222
11.691111,104.771388
11.496666000000001,104.994444
12.696666,104.849722
11.450555,104.830277
11.744444,104.79083299999999
11.511944,105.326388
12.144166,104.875
10.978333000000001,105.209722
11.565277,104.6725
12.072777,105.078055
11.404444,104.811944
11.398888000000001,104.86694399999999
11.436111,104.273055
11.5175,105.106388
11.5075,104.98611100000001
11.47,105.170833
11.084722,105.193611
11.5275,104.98166599999999
11.056666,105.19611100000002
11.674722000000001,105.10916599999999
11.410833,105.04305500000001
10.914166,104.960555
11.688333,104.798055
11.446944,104.781666
11.483055,105.0275
11.324722,105.03944399999999
11.410833,105.04305500000001
11.480555,104.980833
11.480277000000001,105.09
12.147777,104.87583300000001
11.394444,105.26138799999998
11.438611,105.37055500000001
11.436111,104.821111
11.710833000000001,104.716388
11.218055,105.279444
11.420555,105.209166
11.688333,104.766111
11.716388,104.8925
11.587222,104.814722
11.688333,104.787222
12.057222,105.25444399999999
11.927777,105.448333
12.695,104.844444
12.050277000000001,105.08638799999999
11.671111,105.10555500000001
11.611388,104.73861099999999
11.4975,105.08611100000002
11.439444,105.355833
11.437777,104.88916599999999
11.475,105.055
11.588888,104.812777
11.511944,105.352222
12.141388000000001,104.875
11.194444,105.27027700000001
11.456111,104.877222
11.475,105.055
11.326666000000001,105.2475
11.688333,104.798055
11.453333,104.88
11.358333,104.758888
11.072222,105.194166
11.376388,105.2475
11.692777,104.736666
11.587222,104.814722
12.850555,105.060833
11.405277,104.810277
11.665,105.12583300000001
11.565277,104.709166
13.713888,107.44194399999999
11.449444,104.742222
11.435,104.78
11.286666,104.630555
11.7,104.755833
11.717222,104.750277
11.462222,104.90833300000001
11.355555,105.00444399999999
11.611388,104.731111
11.324722,105.03944399999999
11.431666,104.8825
12.034722,105.07361100000001
11.480555,104.980833
11.404444,104.71583299999999
11.358333,105.251944
11.719166,104.76333299999999
11.459722,104.89
12.056388,105.09361100000001
11.481388,104.8075
13.668054999999999,107.228333
11.362777000000001,105.249444
11.409722,104.777222
11.686111,104.220833
10.73,104.6175
11.341944,105.275
11.446111,104.821111
11.324722,105.03944399999999
11.600555,104.71555500000001
11.479444,105.742777
11.672222,105.116666
11.670277,105.114722
11.354722,104.79638800000001
12.146111,104.87777700000001
11.749722,104.706388
11.330277,105.23833300000001
11.673888,105.115555
11.453055,104.756111
11.703333,106.351666
11.428888,104.89638799999999
11.669444,105.12111100000001
13.941666,107.445555
11.381944,105.255555
11.216111,105.27861100000001
11.625277,105.68722199999999
11.717222,104.750277
11.408611,105.26
11.079722,105.194166
12.046944,105.061944
12.034722,105.07361100000001
11.444166000000001,104.6975
11.453333,104.798333
11.046111,105.21972199999999
11.361944,105.00833300000001
11.491388,105.0825
11.6125,104.811944
11.291388000000001,104.84777700000001
11.727222,104.7375
11.429722,104.803888
11.610555,104.82555500000001
11.458611,104.787222
11.446944,104.781666
11.445,104.803888
12.140555,104.880555
11.671111,105.10555500000001
11.156666,104.994444
11.438333,105.22694399999999
11.534444,104.724722
11.53,104.759722
11.446111,105.03694399999999
11.629444,104.768888
11.583333,104.815555
11.445,104.928611
11.668611,105.12111100000001
11.089722,105.195
12.144166,105.795
11.447777,104.930277
11.475833,105.033055
11.471388000000001,105.140833
11.71,104.798888
11.286666,104.628888
13.386388,106.075277
11.723611,104.752222
11.702777000000001,104.963333
11.387777,105.26166599999999
11.298611,104.736944
11.688333,104.798055
13.638333,106.498888
11.285833,104.846944
11.445,105.17333300000001
11.389722,105.26138799999998
11.688333,104.766111
11.581666,104.68083299999999
11.688333,104.766111
11.6125,104.811944
12.154166,104.876944
12.064722,105.074444
11.611388,104.82555500000001
11.36,105.01361100000001
11.958611,105.357222
11.588888,104.770555
11.290555,105.04111100000001
11.404444,104.71583299999999
11.629444,104.766944
12.258055,104.8575
11.395277,105.252222
13.868610999999998,104.758333
11.621388,104.783333
11.505555000000001,105.33277700000001
11.418888,104.768055
12.143333,104.87944399999999
11.588055,104.75694399999999
11.719166,104.921944
12.149722,104.87583300000001
11.490277,105.087222
11.328333,104.87777700000001
11.474166,105.138333
11.474166,104.8725
11.613333,104.7725
11.511944,104.994444
11.762222,104.498888
11.429722,104.803888
11.511944,105.352222
10.73,104.6175
11.585277,104.755
11.435277000000001,104.85333299999999
11.444722,105.216944
11.286666,104.630555
11.6125,104.811944
11.686666,104.795277
13.935277,107.45111100000001
12.163333,104.885
12.057222,105.36388799999999
11.495,104.994444
11.424166,104.725
11.385555,105.26166599999999
11.556944,104.674444
11.331666,104.87638799999999
11.719166,104.76333299999999
11.404444,104.811944
11.479444,105.05
11.661388,104.966944
11.635,104.69
11.427777,104.81944399999999
12.8475,104.899722
11.373611,105.223611
11.438055,104.822222
11.733611,104.749444
11.686666,104.801666
11.453333,105.034722
11.093888,105.22138799999999
11.444166000000001,105.21
11.673888,105.102777
11.6675,105.094444
12.099444,104.156388
11.930555,105.448333
13.61,105.245833
11.755,104.49972199999999
12.140555,104.87138799999998
11.511944,105.326388
11.296666,104.764444
11.453333,104.798333
11.584444,104.800833
11.431666,104.88083300000001
11.671111,105.10555500000001
12.1775,104.899722
11.455,104.82583299999999
11.930555,105.448333
11.385555,105.26166599999999
11.423333,105.21083300000001
11.449722,105.069722
11.756111,104.7375
11.046666,105.21083300000001
11.514722,104.994444
12.146944,104.88333300000001
11.441388,104.82305500000001
11.538333,104.758888
11.398888000000001,105.028333
12.049166,105.360277
11.758611,104.527222
11.456944,104.830277
11.359166,105.251944
13.459166,105.945277
12.317777,105.268611
11.326666000000001,105.244722
11.403611,105.028333
11.606944,104.798055
13.61,107.44611100000002
11.732222,104.73944399999999
11.716388,104.8925
12.053888,105.08638799999999
11.701944000000001,104.76861099999999
12.2275,105.144444
12.926666,105.0075
11.355833,105.271666
11.462222,104.864166
11.184722,103.755
11.956944,104.75944399999999
11.469444000000001,105.01833300000001
12.936388,105.01111100000001
11.444166000000001,104.78
11.490833,105.857222
12.077222,105.11583300000001
11.461111,105.355833
11.456944,105.164166
11.480555,104.980833
11.53,104.759722
11.432222,105.359444
11.393888,105.260833
11.279444,104.86333300000001
11.670277,105.115555
11.723611,104.784444
11.302222,104.88361100000002
12.172222,104.885
11.466944,105.133055
11.410833,105.04305500000001
11.579722,104.800833
11.509166,105.34583300000001
11.362777000000001,105.249444
11.444166000000001,104.78
11.600833,105.70361100000001
11.451111000000001,105.193055
11.480555,104.980833
11.091388,105.18305500000001
12.058888,105.358333
13.534722,105.81333300000001
11.438888,104.924722
11.436944,104.9075
11.369166,105.267777
11.538333,104.758888
11.363888000000001,105.27027700000001
11.723611,104.791666
11.446944,104.781666
12.146944,104.87777700000001
11.435277000000001,104.85333299999999
11.380833,105.22916599999999
11.433333,104.90472199999999
11.504722000000001,105.12111100000001
11.444166000000001,104.78
12.683611,105.060833
11.723611,104.784444
11.316944,105.24861100000001
11.574444,104.683611
11.460555000000001,104.95222199999999
11.585277,104.75694399999999
12.149722,104.88138799999999
11.444166000000001,104.92944399999999
11.195277,105.325277
11.733611,104.749444
11.433055,104.80444399999999
12.153333,104.880555
11.732222,104.73944399999999
11.756111,104.7375
11.405277,104.80027700000001
12.764722,105.02388799999999
12.124444,104.865
11.511944,105.352222
11.328055,104.87777700000001
11.472222,105.1375
11.581666,104.679722
11.436944,104.877222
12.2275,105.144444
12.173055,104.899722
11.413888,104.84222199999999
11.683888,104.807222
11.632222,104.79638800000001
11.154722,105.23638799999999
11.585277,104.75694399999999
12.136111,104.93666599999999
11.337222,105.324444
12.160555,104.878611
12.693055000000001,104.848055
11.490833,105.861944
11.286666,104.626944
12.847777,104.90055500000001
11.584444,104.800833
11.609722,104.749444
11.683055,104.798055
11.433333,105.20166599999999
11.944166000000001,105.426111
12.696666,104.849722
11.446944,104.781666
11.470555000000001,104.984444
12.053888,105.074444
11.6125,104.811944
11.657777000000001,104.965
11.609722,104.749444
11.665833000000001,105.12305500000001
11.218055,105.31694399999999
11.421666,104.80111099999999
11.688333,104.798055
11.465,104.73777700000001
11.441388,104.82305500000001
11.485555,105.860555
11.596944,104.646666
11.581666,105.104444
11.620555,104.77972199999999
11.451388,105.19444399999999
11.035277,105.20416599999999
11.453333,104.813888
11.574166,105.32555500000001
11.383333,105.25166599999999
11.405277,104.80027700000001
11.397222,105.239166
11.740277,104.769722
11.436111,104.920277
11.611388,104.73861099999999
11.401666,104.95416599999999
11.380833,105.26305500000001
11.427777,105.235555
11.349166,105.242777
11.688333,104.798055
11.676666,105.11277700000001
11.459722,104.91
11.593333,104.804722
11.161944,105.01472199999999
11.641388000000001,104.690833
11.480555,104.980833
11.710833000000001,104.7
11.480555,104.980833
12.149722,104.87583300000001
11.493055,104.991666
11.460277,105.350277
11.453611,104.837777
11.587222,104.81916600000001
11.672222,105.116666
11.459722,104.895555
11.438888,104.924722
11.673888,105.102777
11.421388,105.34472199999999
11.056944,105.197777
11.438888,104.924722
11.477222,105.00444399999999
11.655833,104.96611100000001
11.6975,104.784444
11.34,105.24555500000001
12.057222,105.363055
11.393333,105.26611100000001
12.2275,105.144444
11.483055,105.06333300000001
11.330277,105.241111
11.330277,105.23833300000001
11.929444,105.44916599999999
11.423888,104.83833299999999
11.652222,104.71555500000001
11.4425,104.9175
11.673888,105.108333
11.460555000000001,104.899166
11.606944,104.761388
11.335555000000001,105.2475
11.927777,105.448333
11.616944,104.788055
13.593611,107.53888799999999
11.404444,105.23
11.672222,105.102777
11.4125,105.21555500000001
11.45,104.941666
11.584444,104.800833
11.72,104.749444
11.711944,104.798888
11.449444,104.756111
12.051944,105.06694399999999
11.430555,104.8725
12.050277000000001,105.08638799999999
11.285833,104.626944
11.456111,104.877222
11.085,105.22083300000001
11.6875,104.79083299999999
11.446944,104.80833299999999
11.349166,105.32083300000001
11.369166,105.267777
11.666111,104.668888
11.39,105.252222
11.672222,105.102777
11.159166,105.195
11.43,104.88638799999998
12.053888,105.07722199999999
11.51,105.324722
12.149722,104.87583300000001
11.733611,104.749444
11.389722,105.26138799999998
11.204444,105.33444399999999
11.480555,104.979722
11.988611,104.776666
11.411666,105.212777
11.474722,105.138333
11.383611,105.26305500000001
11.359166,105.251944
11.679444,105.11277700000001
11.3575,105.009166
11.386111,105.26138799999998
11.397222,105.239166
11.610555,104.78527700000001
11.024444,104.81222199999999
11.462222,104.77
12.099444,104.156388
11.204444,105.33444399999999
11.661111,104.71555500000001
12.05,105.3675
11.688333,104.7725
11.425277000000001,104.994444
11.2425,104.87166599999999
12.2275,105.144444
11.333888,105.03583300000001
11.095,105.225277
11.324166,104.93111100000002
11.697222,104.726111
12.158611,104.885
11.701944000000001,104.76861099999999
11.478333000000001,105.16194399999999
11.43,104.81222199999999
11.577222,104.804722
12.153333,104.878611
11.296666,104.764444
12.146944,104.87777700000001
11.425833,105.34833300000001
11.473055,104.992777
13.652776999999999,106.50166599999999
11.466944,104.91194399999999
11.596944,104.646666
11.670277,105.11916599999999
11.988611,104.776666
12.053888,105.074444
13.389166000000001,106.087222
11.747222,104.771388
11.088611,105.22166599999998
11.458611,105.8125
11.635,104.69
12.054722,105.07722199999999
11.668611,105.12111100000001
13.320276999999999,104.209166
11.398888000000001,104.86694399999999
11.516666,104.99638799999998
11.450555,104.923055
12.764722,105.02388799999999
11.473055,105.038055
11.456944,104.831388
11.72,104.784444
12.145277,104.866666
11.407222,105.036666
11.296666,104.764444
11.488055000000001,105.87111100000001
11.405277,104.80583299999999
11.285555,104.856111
11.490833,105.857222
11.444166000000001,104.6975
11.198055,105.32611100000001
12.029444,105.076388
11.444166000000001,104.78
11.451111000000001,104.9
11.462777,104.75694399999999
10.653888,104.519722
11.453333,104.78916600000001
11.704722,104.743055
11.464166,104.894444
11.434722,105.235277
11.476666,105.009166
11.376388,104.831388
12.146944,104.880555
11.605277000000001,104.833055
11.435277000000001,105.045833
11.539166,104.758888
11.611388,104.82555500000001
11.435277000000001,104.967777
11.929444,105.44916599999999
11.290555,105.05027700000001
12.317777,105.268611
11.355833,105.271666
11.588055,104.75694399999999
11.744444,104.79083299999999
11.4425,104.88083300000001
11.635,104.69
11.415277,105.21555500000001
13.566388,106.71083300000001
11.145555,105.25083300000001
11.448888,104.912777
11.588055,104.79722199999999
11.389722,105.26138799999998
11.439444,105.32555500000001
11.719166,104.921944
11.2425,104.87166599999999
11.413333,105.22
11.3525,105.271666
11.526388,105.35861100000001
12.229166000000001,105.16361100000002
11.558888,104.6725
11.668611,105.12111100000001
11.674722000000001,105.10555500000001
12.0675,105.07916599999999
11.616111,104.818333
11.444166000000001,104.78
11.326666000000001,105.22
11.464166,104.894444
11.696111,106.35083300000001
11.431111,104.95
12.055277,105.361944
11.907777000000001,105.4575
11.446944,104.92944399999999
11.450833,104.969444
13.638333,106.498888
11.584166,104.7275
11.620555,104.77972199999999
11.455,104.82583299999999
11.466944,105.133055
11.300277000000001,104.630555
11.579722,104.681666
11.688333,104.7825
11.450555,104.923055
12.140555,104.87138799999998
11.493888,105.054166
12.385555,106.0525
11.296666,104.63166600000001
11.594166,104.770555
11.448055,104.941111
12.066388,105.103055
12.030277,105.07888799999999
11.928611,105.46194399999999
11.443888000000001,104.94694399999999
11.428611,105.235555
11.341944,105.275
12.156111,104.87583300000001
11.53,104.74972199999999
11.944444,104.785
11.283888000000001,104.605
12.235555,105.16083300000001
12.081944,105.07916599999999
11.459722,104.91
11.928611,105.445555
11.509166,105.34583300000001
11.449722,105.089722
11.464166,104.89833300000001
11.54,104.752222
11.398888000000001,105.260277
11.436111,104.920277
11.672222,105.116666
11.446944,105.10555500000001
11.586111,104.751388
11.636666,104.773333
11.066666,105.195
12.055277,105.361944
11.586111,104.815555
11.457777,104.76055500000001
11.373611,105.223611
11.453333,104.874444
12.147777,104.911666
11.972222,105.385833
11.451388,105.19444399999999
11.493888,105.054166
11.479444,105.05083300000001
12.178055,104.88611100000001
11.457777,104.76055500000001
12.156111,104.87777700000001
12.0575,105.085555
11.496666000000001,105.079722
11.421666,105.20638799999999
11.1,105.503611
11.457777,104.87166599999999
11.618611,104.773333
11.676666,105.11277700000001
11.388055,105.26138799999998
11.361944,105.00833300000001
12.155,104.880555
11.324722,105.03944399999999
11.436944,104.877222
11.444166000000001,104.78
11.452222,104.79722199999999
11.087777,105.220277
11.276666,104.59777700000001
11.557222,104.73388800000001
11.689166,104.773333
11.438333,104.80111099999999
12.074444,105.3575
13.788054999999998,105.36083300000001
11.548055,104.75694399999999
13.755,107.479722
11.558055,104.6825
11.616111,104.811944
11.493055,105.07611100000001
11.432222,105.359444
11.591666,104.799166
11.596111,104.751388
11.598888,104.77444399999999
12.052777,105.064444
11.611388,104.82555500000001
11.387777,105.26166599999999
11.423333,105.21083300000001
11.430555,104.890833
11.479444,105.140277
11.692777,104.736666
11.440555,105.08805500000001
11.928611,105.46194399999999
12.155,104.876944
12.055277,105.35555500000001
11.442222000000001,104.93166599999999
11.4975,105.08611100000002
11.4425,104.82583299999999
12.235555,105.16083300000001
11.6125,104.77416600000001
11.448888,105.059722
11.449444,104.776388
11.444166000000001,105.21
11.493055,105.08444399999999
11.525555,104.754166
11.716388,104.899166
11.598888,104.77444399999999
11.329722,104.87638799999999
11.445833,104.767222
11.5275,104.98166599999999
11.557222,104.73388800000001
11.2725,105.031944
11.611388,104.731111
11.435277000000001,104.81916600000001
11.458611,104.878055
12.0675,105.078055
11.586111,104.751388
11.744444,104.79083299999999
11.688333,104.784444
11.75,105.01833300000001
13.713888,107.44194399999999
11.6975,104.89
11.543611,104.723055
11.444166000000001,104.78
11.473888,105.760277
11.324722,105.244722
12.058888,105.35916599999999
13.648333,106.49805500000001
11.358333,105.009166
11.663055,105.116666
12.041111,105.08277700000001
11.479444,105.045833
11.072222,105.194166
11.451111000000001,104.872777
11.325555,105.31527700000001
12.051944,105.06694399999999
11.445,105.17333300000001
11.464444,104.766111
12.140555,104.87138799999998
12.149722,104.875
11.477777,105.02444399999999
11.716388,104.8925
11.504722000000001,105.12111100000001
11.6975,104.89
13.516110999999999,105.942777
11.462222,104.864166
11.440555,105.08805500000001
11.456944,104.911111
11.441388,104.781666
11.516666,104.99638799999998
11.056388,104.768888
11.673888,105.111944
11.315277,105.260833
11.481944,105.15722199999999
11.610555,104.826666
12.25,105.6333
13.0999,104.9666
13.0999,104.9666
12.2332,105.6165
13.7,107.2166
13.7,107.2166
11.3833,104.8499
11.4165,104.8499
11.4165,104.8499
11.4165,104.7998
11.4165,104.7998
11.45,104.7998
11.4331,104.8999
11.4331,104.8999
13.0833,104.95
11.4165,104.9331
11.4165,104.9331
11.4331,104.9165
11.4331,104.7998
11.4331,104.7998
13.5833,104.0
13.5833,104.0
11.4331,104.7832
11.45,104.8333
11.45,104.8333
11.45,104.7998
11.45,104.7998
11.45,104.8333
11.45,104.7832
12.2332,105.6333
12.2332,105.6333
12.6499,105.5498
12.2332,105.6665
12.2332,105.6665
11.4331,105.0833
11.4331,105.0833
12.5999,105.9832
12.5999,105.9832
12.5332,105.25
11.4165,104.8499
11.4165,104.8833
11.4165,104.8833
11.4165,104.8167
11.45,104.8665
11.45,104.8665
11.45,104.7666
11.45,104.7832
11.45,104.7832
11.45,104.7998
11.45,104.7998
11.45,104.8833
13.7,107.2
11.4331,104.7998
11.4331,104.9165
11.4331,104.9165
11.4165,104.9165
11.4165,104.9165
12.8499,105.2
12.8499,105.2
12.8333,105.2
12.8499,105.1831
13.5833,104.0
13.5833,104.0
11.4331,104.8999
11.45,104.7666
13.7,107.5
13.7,107.5
11.4165,105.0667
11.4165,105.0667
11.4331,105.0
11.4331,105.0
11.4331,104.9832
13.7166,104.3999
11.4331,104.9666
11.4331,104.9666
11.4832,105.0332
11.3999,104.7998
11.3999,104.7998
12.6499,105.5498
12.6333,105.5667
12.6333,105.5667
11.9666,105.3333
11.9666,105.3333
12.6499,105.5833
12.5999,105.5999
12.5999,105.5999
11.4832,105.0166
11.4331,105.0
11.4331,104.9832
11.4331,104.7998
11.4331,104.7998
11.3833,105.2332
11.3833,105.2332
11.3833,105.2166
12.5332,105.25
12.5332,105.25
11.45,105.1499
11.45,105.1499
11.3499,105.2332
11.4331,105.1831
12.8665,105.0498
12.8665,105.0498
11.3665,105.2332
11.3665,105.2332
11.3665,105.2332
12.5498,105.2998
11.3999,105.2332
11.3999,105.25
11.45,105.1499
11.3333,105.2332
11.3333,105.2332
13.5833,104.0
13.5833,104.0
13.6831,107.4666
11.3333,105.2332
13.4832,106.3499
13.4832,106.3499
11.4331,105.1665
11.4331,105.1665
11.45,105.1665
11.4165,105.2166
11.4165,105.2166
11.4165,105.2166
11.45,105.1665
11.3665,105.25
11.3499,105.25
11.4331,105.2
11.4331,105.2
11.3999,105.2332
11.3833,105.25
11.4331,105.1665
11.4165,105.2166
13.4832,106.3499
13.4832,106.3499
11.45,105.1499
11.4666,104.1499
11.4666,104.1499
11.45,105.1499
11.4331,105.1665
11.4666,105.1665
11.4666,105.1665
11.3333,105.2332
11.3833,105.25
11.3833,105.25
11.4331,105.1831
11.5999,105.1499
11.5999,105.1499
11.45,105.1499
11.45,105.1499
11.4331,105.1665
11.3833,105.25
11.3833,105.25
11.3665,105.25
11.3665,105.25
11.45,105.1665
11.45,105.1665
11.3833,105.2332
13.0332,105.1499
13.0332,105.1499
13.0332,105.1499
10.7166,104.6165
10.6499,104.5166
11.5166,105.7332
11.45,104.7332
11.45,104.7332
11.3999,105.1831
11.3833,105.1665
11.3999,105.1831
11.3999,105.1831
11.3499,105.2166
11.3499,105.2166
11.4331,104.9165
11.4331,104.9331
11.4331,104.9331
11.4331,104.9165
13.7166,107.3999
13.7166,107.3999
11.4331,105.0498
11.45,104.7666
11.3499,105.2832
11.3499,105.2832
11.3833,105.2166
11.4331,104.7998
11.4331,104.7998
13.7,107.2
11.3665,105.2666
11.3665,105.2666
11.3833,105.2666
13.6499,107.3833
13.6831,107.3833
13.7332,107.4165
13.2666,106.3499
12.7,105.9666
12.7,105.9666
11.4331,104.8499
11.4165,104.7666
13.1165,104.9666
13.1165,104.9666
11.4331,104.7832
11.4331,104.7832
13.5332,107.0166
11.4331,105.1165
11.4331,105.1165
11.3499,105.2166
11.3665,105.2832
11.3665,105.2832
11.3665,105.2832
11.3833,105.2666
11.3833,105.2666
13.5999,106.8665
11.3333,105.2166
11.4165,105.1665
11.4165,105.1665
11.3665,105.1333
11.3665,105.1499
12.6665,105.5667
14.1665,107.3167
13.5999,107.5332
13.6665,107.5166
11.6333,104.6665
11.6499,104.6665
11.6499,104.6665
11.4331,104.9331
11.4331,104.9331
11.4331,104.9165
11.4331,104.75
11.4331,104.9165
11.4331,104.9165
12.8499,105.1831
11.6333,104.6831
12.3665,104.8999
12.3665,104.8999
11.3999,105.1831
11.3999,105.1831
11.4331,104.7832
11.45,104.7166
11.45,104.7166
11.45,105.1333
11.3999,105.1831
11.3999,105.1831
11.4165,105.1665
11.3833,105.2
11.4165,105.1499
11.45,105.0999
11.4331,104.7832
13.0498,105.1665
13.0498,105.1665
12.8499,105.1665
12.8499,105.1665
12.0667,106.2166
12.0498,106.2166
12.0498,106.2
11.3833,105.1665
11.3665,105.1665
11.3665,105.1665
11.3999,104.8333
11.3999,104.8333
11.3833,105.2
11.4165,104.95
11.4165,104.95
11.3665,104.9165
11.3833,104.7832
11.4331,105.1333
11.4331,105.1499
11.4331,105.1499
11.3665,105.1333
11.3665,105.1333
11.3833,105.2
11.3833,105.2
11.4165,104.7666
13.0498,105.1665
11.3499,105.2166
11.3499,105.2166
11.3999,105.1665
11.3999,105.1831
11.3499,105.2166
11.3499,105.2166
11.3999,105.1831
11.4165,104.8167
11.4165,104.8167
13.0667,105.1831
11.5166,105.7332
12.0667,106.2
12.0498,106.2166
12.5498,104.8999
12.5498,104.8999
11.3499,105.2166
11.3499,105.2166
11.3333,105.1165
11.4165,105.1499
11.4165,105.1499
11.3333,105.1165
11.3333,105.1165
13.0667,105.1499
13.4666,104.1165
13.4666,104.1165
11.3665,105.1665
11.3665,105.1665
12.0332,105.0999
12.0166,105.0999
12.0166,105.0999
12.3833,104.9165
12.0332,105.0999
13.0498,105.1665
11.4832,105.0332
11.3999,104.7832
11.3999,104.7832
12.4331,105.6831
12.4331,105.6831
11.5166,105.7332
11.5,105.7332
11.5,105.7332
11.75,104.9666
11.3833,105.1665
11.3833,105.1831
11.3333,105.0999
11.3499,104.5833
11.3499,104.5667
11.8167,104.9165
11.6665,104.8999
11.3499,104.5999
11.3499,104.5833
11.3665,105.1499
11.3499,104.5833
11.3665,105.1333
11.8167,104.8499
12.1831,104.8833
12.1499,104.9165
11.3665,105.1665
11.8333,104.8665
11.8167,104.8833
11.8333,104.8665
11.5,105.7332
11.75,105.8499
11.7666,105.75
11.4165,105.0999
11.4331,105.1165
13.0166,105.1665
11.8499,104.4165
11.4165,105.1333
11.3833,105.3499
11.4165,105.1499
11.3999,105.1333
11.8333,104.4165
11.9666,105.3665
11.4165,105.3167
11.9666,105.3333
11.9666,105.3499
11.3499,105.2
11.3833,105.1831
11.8167,104.4165
11.8833,104.4331
11.3999,105.1665
11.8333,104.4331
12.1831,104.8999
13.0667,105.1499
12.1333,106.8999
12.1333,106.9165
11.75,105.8499
11.8333,104.4666
11.8333,104.4165
11.3499,104.5667
11.8167,104.3999
13.0166,105.1665
12.1333,105.5
11.3499,104.5667
11.8167,104.4331
11.8999,104.4331
12.1499,105.4832
11.3665,104.5833
11.2998,104.8999
11.3999,105.3333
12.1499,105.5
11.2998,104.9165
11.2998,104.9165
12.1499,105.5
11.8499,105.4666
12.6165,105.0667
11.3499,104.5833
11.2666,104.8999
11.8665,105.4666
12.1165,105.4832
12.1165,105.4666
13.0667,105.1499
11.480555,104.980833
11.676666,105.11388799999999
11.447777,105.165833
11.296666,104.63166600000001
11.404444,104.71583299999999
11.610555,104.82555500000001
11.453888000000001,104.799166
11.616111,104.818333
11.431666,104.935
11.493055,105.052222
11.740833,104.750277
11.419722,105.21361100000001
11.445,104.805555
11.475555,105.16611100000001
13.320276999999999,104.209166
11.483055,105.15666599999999
11.927777,105.44083300000001
11.479444,105.05083300000001
11.357222,105.234444
11.406944000000001,105.2575
12.058888,105.35916599999999
13.051388000000001,106.19
11.454166,105.189722
11.358333,105.251944
11.927777,105.448333
11.681111,104.8
11.740833,104.750277
13.978333,107.37
11.295555,104.624166
11.670277,105.115555
11.440555,105.043888
11.316666,105.256666
11.385555,104.86694399999999
11.045,105.201944
11.323611,105.248333
11.460555000000001,105.18166599999999
13.868610999999998,104.758333
11.688333,104.784444
11.216111,105.27861100000001
11.081388,105.194166
11.454166,105.189722
11.569722,104.6725
11.312777,105.36111100000001
11.295555,104.624166
11.4425,104.935833
11.379166,105.264444
11.218055,105.31694399999999
11.471388000000001,105.130277
11.349166,105.32083300000001
11.448611,104.88083300000001
12.153333,104.878611
11.556388,104.736666
11.483611,105.04166599999999
11.398888000000001,105.034722
11.444444,104.944166
13.978333,107.37
11.716388,104.899166
11.121388,105.24083300000001
11.326666000000001,105.22
11.408055000000001,105.223611
11.51,105.324722
11.436111,104.821111
11.296666,104.764444
11.456944,104.89
11.594166,104.770555
11.398888000000001,105.265833
11.453055,104.73861099999999
12.8475,104.899722
11.636666,104.773333
14.058333,106.409722
11.661388,105.11916599999999
12.059166000000001,105.08277700000001
12.163333,104.885
11.944166000000001,105.426111
11.748055,104.78694399999999
11.6125,104.811944
11.283888000000001,104.605
12.050277000000001,105.088333
11.086944,105.22083300000001
11.716388,104.899166
11.608888,104.823888
11.156666,104.994444
11.655833,104.96611100000001
11.464166,104.894444
11.358333,105.009166
11.288611,104.86444399999999
11.024444,104.81222199999999
11.939444,105.46388799999998
12.143333,104.880555
11.6975,104.784444
11.611388,104.82555500000001
11.3475,104.87166599999999
11.451111000000001,105.193055
11.681111,104.656666
11.439722,104.273055
11.385277,105.208055
11.7425,104.788888
11.630277,104.697222
11.489444,105.053055
11.474166,105.03944399999999
11.558055,104.6825
11.323888,105.244722
12.141388000000001,104.875
11.557222,104.758888
10.916111,105.00583300000001
12.054722,105.07722199999999
13.181110999999998,106.439722
11.608888,104.823888
11.443333,104.88666599999999
11.463055,105.3475
11.701944000000001,104.76861099999999
11.723055,106.40055500000001
14.058055,106.4375
11.265277000000001,104.89
11.555277,104.674444
11.275833,105.3575
11.639444000000001,104.77416600000001
11.55,105.08333300000001
11.328333,104.87777700000001
11.296666,104.764444
12.052777,105.064444
11.7175,106.40305500000001
11.502222,104.994444
11.0575,105.195555
12.154166,104.876944
11.397222,105.26138799999998
11.3175,105.25111100000001
11.374444,105.267777
11.519166,105.108333
11.6125,104.811944
11.438888,104.919444
11.530833,104.744166
11.673888,105.10555500000001
11.716388,104.8925
11.645833,104.724722
11.444166000000001,104.821111
11.611388,104.82555500000001
11.6125,104.811944
11.438888,104.924722
11.6125,104.811944
11.438055,105.226666
11.747222,105.01833300000001
11.709166,104.775277
11.618611,104.773333
11.435,104.758888
11.4225,105.1675
11.588888,104.809166
11.416944,104.78
11.473888,104.74333299999999
11.474166,104.90472199999999
11.5075,104.98611100000001
11.330277,105.24194399999999
11.404444,105.23
11.283888000000001,104.605
12.053888,105.07722199999999
12.146111,104.88611100000001
11.091388,105.18305500000001
11.444166000000001,104.78
11.479444,105.07888799999999
11.408055000000001,104.87166599999999
12.149722,104.87583300000001
12.146944,104.880555
11.447777,105.165833
11.617777,104.818333
11.733611,104.749444
11.511944,105.352222
11.450555,105.03944399999999
11.460833000000001,104.758333
11.436944,104.782777
10.548333,104.770833
11.466944,104.87166599999999
11.505555000000001,105.33277700000001
11.423333,105.255555
11.586111,104.815555
13.61,107.44611100000002
11.578888000000001,104.767777
11.2725,105.031944
12.061944,105.07888799999999
11.285833,104.846944
11.442777,104.843333
11.616944,104.788055
11.330277,105.24194399999999
11.455,104.755277
11.455,104.798333
11.359166,105.251944
12.149722,104.87777700000001
11.386944,105.261944
11.683055,104.798055
11.927777,105.44916599999999
12.043888,105.08638799999999
11.672222,105.102777
11.455,104.76055500000001
11.458611,104.975277
11.525555,104.98888799999999
12.184166000000001,104.89833300000001
12.081944,105.07916599999999
11.443055000000001,105.2125
11.405277,105.18416599999999
11.4125,105.21555500000001
11.466944,105.133055
11.295555,104.624166
11.465833,105.17527700000001
11.453611,104.837777
11.2425,104.988055
12.149722,104.87583300000001
12.148888000000001,104.882222
11.447777,104.92111100000001
11.195277,105.325277
11.591666,104.81916600000001
12.041111,105.10111100000002
11.530833,105.334722
11.089722,105.22083300000001
11.645833,104.80444399999999
11.672222,105.116666
11.452222,105.19888799999998
11.460555000000001,105.18166599999999
11.469444000000001,105.172777
11.428333,104.866666
11.464444,104.766111
11.08,105.19444399999999
11.455833,104.756111
11.3375,105.2475
11.591666,104.799166
11.441388,105.03388799999999
11.088611,105.22166599999998
11.285833,104.846944
11.466944,105.135833
11.606944,104.811944
11.574444,104.683611
11.661388,105.11916599999999
11.444166000000001,104.78
11.716388,104.8925
11.459722,104.90833300000001
11.430555,104.890833
11.3725,105.268055
11.956944,104.75944399999999
11.663055,105.116666
11.456944,104.930277
11.588055,104.743055
11.4425,105.028333
11.558055,104.67527700000001
11.303611,104.88388799999998
11.312777,105.36111100000001
11.455,104.755277
11.389722,105.26138799999998
11.361111,105.00833300000001
11.618611,104.768888
12.149722,104.875
11.511944,105.326388
13.705832999999998,107.439444
11.438888,104.888888
11.504722000000001,105.12111100000001
12.147777,104.876944
11.426111,104.885277
11.456111,104.877222
13.151666,106.18388799999998
12.146944,104.87777700000001
11.385555,104.86694399999999
11.4425,104.88083300000001
11.683055,104.791666
11.588055,104.79722199999999
11.753888,104.49972199999999
11.276944,104.854722
11.216111,105.27861100000001
11.436944,104.782777
11.558055,104.6825
11.431666,104.8825
11.587222,104.814722
11.455,104.835
11.436111,104.773611
11.447777,104.866111
12.055277,105.35555500000001
11.610555,104.702777
12.0675,105.078055
12.064722,105.07916599999999
11.296666,104.764444
11.957777,104.75944399999999
11.456944,104.930277
11.427777,105.235555
11.453333,104.78916600000001
11.413333,105.22
11.493055,105.052222
11.366388,105.23638799999999
11.338333,105.24916599999999
11.285833,104.846944
11.710833000000001,104.7
12.155,104.880555
11.456111,104.877222
11.366388,105.23638799999999
11.331111,105.2475
11.295555,104.624166
11.437777,104.85972199999999
11.326666000000001,105.22
11.535555,104.747777
11.610555,104.82555500000001
11.444166000000001,104.78
11.734166,104.463888
13.638333,106.498888
11.447777,104.935833
11.076111000000001,105.194166
11.554166,104.671944
11.387222,104.850555
11.955277,104.76305500000001
11.586111,104.815555
12.030277,105.07888799999999
13.385554999999998,106.0825
11.939444,105.46388799999998
11.361111,104.87166599999999
12.147777,104.866666
11.435277000000001,105.18166599999999
11.448611,104.811944
11.408055000000001,105.233888
11.431666,104.88083300000001
11.495833,105.085277
11.095,105.225277
12.2275,105.144444
12.053333,104.08833299999999
11.296666,104.63166600000001
11.350277,105.2725
11.302222,105.054166
11.683888,104.807222
11.36,105.01361100000001
11.579722,104.81
11.086944,105.22083300000001
11.681111,104.8
11.665,105.12111100000001
11.611388,104.82555500000001
11.919722,105.44444399999999
11.316666,105.25111100000001
12.064722,105.074444
11.578888000000001,104.678055
11.3525,105.271666
12.146944,104.88333300000001
11.72,104.784444
11.456944,105.164166
11.2725,105.031944
11.579722,104.800833
11.453333,105.034722
11.939444,105.46388799999998
11.085,105.22083300000001
12.235555,105.154444
11.449722,105.089722
10.554722,104.774722
11.419722,105.21361100000001
11.453055,105.4125
11.576111000000001,104.681666
11.466944,105.14861100000002
11.6875,104.79083299999999
12.013888,105.31694399999999
12.843333,104.90055500000001
11.451388,105.200277
11.749722,104.706388
11.408611,105.26
11.610555,104.78527700000001
11.755833,104.521666
12.1775,104.899722
12.175,104.885
11.689166,104.773333
11.359166,105.23361100000001
11.3725,105.268055
11.474166,104.8725
11.431666,104.8825
11.685555,104.773333
11.0475,105.195555
12.149722,104.87416599999999
11.41,105.043888
11.613333,104.7725
12.085555000000001,105.07083300000001
11.620555,104.77972199999999
11.398888000000001,105.034722
11.456944,104.892777
11.302222,104.88361100000002
11.426111,104.758888
11.421666,105.20638799999999
11.452222,104.79722199999999
11.618611,104.799166
11.492222,105.05138799999999
11.324722,105.03944399999999
11.425277000000001,105.08611100000002
11.668611,105.104722
11.434166000000001,104.73861099999999
11.324722,105.03944399999999
14.062776999999999,106.4125
11.449444,104.776388
11.450277,104.867777
12.146111,104.878611
11.624166,104.685277
11.611388,104.73861099999999
11.329722,104.87638799999999
11.4325,104.834166
11.629444,104.766944
11.377222,105.17416599999999
11.344722,105.250277
11.541944,104.757777
11.4125,105.21555500000001
12.057222,105.363055
11.39,105.23833300000001
14.166944,107.317777
11.7175,106.40305500000001
12.061944,105.07888799999999
11.669444,105.115555
12.064722,105.074444
11.329722,104.87638799999999
11.440555,105.04138799999998
12.696666,104.834166
11.280277,104.628055
12.034722,105.07361100000001
11.624444,104.704166
11.386944,104.860277
11.453333,104.78916600000001
11.669444,105.115555
12.149722,104.87583300000001
11.418888,104.768055
12.746666000000001,104.975
11.4325,104.821111
11.275555,104.86333300000001
11.495,104.994444
11.688333,104.798055
11.290555,105.05027700000001
11.447777,104.935833
11.474444,105.13666599999999
11.380833,105.22916599999999
11.421666,105.20638799999999
12.728611,105.023055
11.436944,104.9075
11.437777,104.816666
11.381944,105.255555
11.466944,105.14861100000002
11.479444,105.045833
11.386666,105.262222
11.756388000000001,105.00638799999999
11.480555,104.980833
11.43,104.99638799999998
11.296666,104.764444
13.667777,107.24666599999999
11.323888,105.244722
11.668611,105.121944
11.542777000000001,104.752222
11.462222,104.864166
11.514722,105.11638799999999
11.372777000000001,105.26666599999999
11.673888,105.10555500000001
11.608888,104.823888
11.444166000000001,104.810277
11.395277,105.252222
12.156944000000001,104.878611
11.421666,105.20638799999999
11.470555000000001,105.168888
12.1525,104.87944399999999
12.850555,105.16027700000001
11.446944,104.781666
11.3475,104.87166599999999
11.438888,104.924722
11.404444,104.71583299999999
11.461111,105.355833
11.485,104.988055
11.296666,104.764444
11.490277,105.08083300000001
12.055833,105.635833
11.5175,105.106388
11.474166,105.168333
13.61,105.245833
12.055555,105.088333
11.493055,105.08444399999999
11.190833,104.805
11.586111,104.803611
10.908611,105.253611
11.491388,105.0825
11.520277,104.992777
11.404444,105.23
11.474166,105.08333300000001
11.437777,104.88916599999999
11.4425,105.028333
11.462222,104.77
11.349166,105.32083300000001
12.62,104.99805500000001
11.688333,104.784444
11.631388000000001,104.679722
12.073611,105.078055
11.407222,105.036666
11.4325,104.88444399999999
11.665833000000001,105.12305500000001
11.457777,105.011944
11.6125,104.78527700000001
12.066388,105.103055
11.450555,104.878055
11.456944,105.164166
11.160277,105.011944
11.455,104.755277
12.464444,105.164722
11.330555,105.243333
11.369166,105.267777
11.400833,104.86694399999999
12.143333,104.880555
11.490277,105.06888799999999
11.461111,105.355833
11.218055,105.311388
11.024444,104.81222199999999
11.442777,104.843333
11.472222,105.1375
11.495833,104.975277
11.7025,104.536666
11.283888000000001,104.605
12.147777,104.866666
11.453333,104.830277
11.474166,105.138333
11.456944,104.930277
11.326666000000001,105.2475
11.588055,104.79722199999999
11.513055,104.97444399999999
11.376388,105.2475
11.398888000000001,105.034722
12.080833,105.07916599999999
11.455,104.798333
11.584444,104.81
11.4125,105.21555500000001
11.451388,104.798333
11.927777,105.448333
12.059166000000001,105.26472199999999
11.295555,104.624166
11.464166,104.894444
12.149722,104.88138799999999
11.427777,105.334722
12.055555,105.25444399999999
11.350277,105.2725
12.091666,105.078055
11.742777,104.86694399999999
11.427777,105.235555
11.355555,105.324444
11.350277,105.2725
11.459722,104.89833300000001
11.455,104.832222
11.369166,105.267777
11.398888000000001,104.69833299999999
12.146111,104.878611
11.456944,104.866111
11.325833,105.24861100000001
11.438611,104.80111099999999
11.294166,105.05861100000001
11.439166,104.88444399999999
11.198055,105.32611100000001
11.558888,104.6725
12.140555,104.866666
11.716388,104.899166
11.425833,105.35194399999999
11.418888,104.813888
11.403611,105.028333
11.450555,105.03944399999999
11.456944,104.930277
11.988611,104.776666
11.383333,105.25166599999999
12.1525,104.87944399999999
11.421666,104.80111099999999
12.141388000000001,104.875
11.744444,104.79083299999999
11.585277,104.7525
11.727222,104.7375
12.149722,104.87777700000001
11.398888000000001,105.028333
12.0475,105.06888799999999
11.405277,104.80027700000001
11.723611,104.752222
11.588055,104.79722199999999
11.466944,104.87166599999999
12.226388,105.15166599999999
11.72,104.749444
11.432222,105.359444
12.154166,104.882222
11.610555,104.82555500000001
12.165833000000001,104.887777
11.455,104.835
11.586111,104.751388
11.454166,105.189722
11.385555,104.86694399999999
11.458611,104.787222
11.463888,105.343055
11.160277,105.011944
12.052777,105.064444
11.455,104.755277
11.481388,105.036666
11.587222,104.814722
11.461111,105.355833
11.661388,105.11916599999999
12.013888,105.31694399999999
11.588888,104.770555
11.451111000000001,104.869722
11.578055,104.73388800000001
11.462222,104.873333
11.459166,104.429722
11.376388,104.831388
11.7425,104.788888
11.734166,104.746944
12.153333,104.880555
11.523888000000001,104.979722
11.670277,105.115555
11.36,105.01361100000001
11.468611,104.86166599999999
11.403611,105.028333
12.850555,105.060833
11.470277000000001,104.777222
11.674722000000001,105.10555500000001
11.693888000000001,104.794444
12.149722,104.87583300000001
11.483055,105.06333300000001
13.676944,107.228333
11.588055,104.79722199999999
11.459722,104.89833300000001
11.353611,105.268611
11.723611,104.791666
12.145277,104.87583300000001
11.445,104.805555
11.5075,104.99361100000002
11.484444,105.016944
11.749722,104.706388
11.704722,104.743055
13.868610999999998,104.758333
11.437777,104.816666
11.454444,105.18833300000001
11.4425,104.97583300000001
11.244166,104.636111
11.455,104.755277
11.3575,105.009166
11.453333,105.034722
11.817777,104.88611100000001
11.4125,105.21555500000001
11.465833,104.773611
11.462222,104.9075
11.53,104.759722
11.421388,105.34472199999999
11.683055,104.798055
11.473055,104.992777
11.444166000000001,104.810277
12.154166,104.866666
11.055277,105.199722
11.616111,104.818333
11.688333,104.787222
12.052777,105.064444
11.693888000000001,104.794444
11.445,104.928611
11.385833,105.255277
11.588055,104.75694399999999
11.437777,104.813055
11.744444,104.79083299999999
13.759444,107.485277
11.468611,104.77805500000001
12.149722,104.87583300000001
11.474166,104.8725
11.432222,105.359444
12.055555,105.08444399999999
11.453333,105.03388799999999
11.502222,104.984444
11.618611,104.741388
11.331944,105.28
11.635833,104.7725
11.519166,105.108333
11.429722,104.882777
11.817777,104.88611100000001
11.480555,104.979722
11.387222,104.850555
11.474166,105.03944399999999
11.204444,105.33444399999999
11.927777,105.448333
12.733055,105.03138799999999
11.531944000000001,104.755
11.473888,105.760277
11.747222,105.01833300000001
12.531666,105.509166
11.453333,105.034722
12.154166,104.882222
12.0675,105.078055
11.404444,105.23
11.762222,104.498888
11.732777,104.769722
11.380277,104.77972199999999
11.444166000000001,104.8075
11.419722,105.21361100000001
11.6375,104.6725
11.300277000000001,104.630555
11.673888,105.10555500000001
11.3275,105.2475
11.668611,105.1175
11.280277,104.628055
12.163333,104.885
11.396111,105.260277
11.421666,104.80111099999999
12.8425,104.896666
11.466944,105.133055
11.716388,104.899166
13.593611,107.53888799999999
11.927777,105.44083300000001
12.157777000000001,104.88333300000001
11.444166000000001,104.92944399999999
12.147777,104.88333300000001
11.703611,104.74583299999999
11.740277,104.769722
11.406944000000001,105.2575
13.868610999999998,104.7575
11.6975,104.775277
11.286666,104.630555
11.670277,105.11388799999999
12.091666,105.078055
11.511111,104.97166599999998
11.643333,105.106388
12.052777,105.064444
11.285,104.855277
11.448611,104.8625
11.404444,104.811944
12.160555,104.886944
11.316666,105.25111100000001
11.629444,104.768888
11.493055,105.07611100000001
13.868610999999998,104.7575
11.448333,104.96555500000001
11.420555,105.209166
11.444166000000001,104.769722
11.930555,105.448333
11.669444,105.12111100000001
11.755833,104.521666
11.473888,105.14111100000001
11.444166000000001,104.769722
11.631388000000001,104.679722
11.286666,104.63166600000001
11.710277,104.95055500000001
11.51,105.324722
11.4325,104.88444399999999
11.430555,104.8725
13.583888,107.513888
13.275554999999999,105.010277
11.462222,104.873333
11.716388,104.8925
11.53,104.759722
11.493055,105.05861100000001
11.685555,104.777777
11.295555,104.624166
12.057222,105.36388799999999
12.153333,104.87583300000001
11.668611,105.108333
11.354722,104.79638800000001
11.6125,104.759722
12.149722,104.87777700000001
11.448888,104.902777
11.955277,104.76305500000001
12.124444,104.865
14.201388,104.725833
11.418888,104.768055
11.458611,104.878055
11.326666000000001,105.2475
11.584166,104.7275
12.851388,105.984444
11.285555,104.856111
11.444166000000001,104.78
11.699166,104.74166600000001
11.825,104.87055500000001
11.455833,104.95638799999999
11.756111,104.7375
12.149722,104.87583300000001
11.480277000000001,105.06416599999999
12.055555,105.0975
11.076944000000001,105.21888799999999
11.733333,105.665
11.628611,104.787222
11.450555,104.830277
12.288055,106.022777
11.493055,105.10361100000001
11.358333,104.758888
12.62,104.99805500000001
11.444166000000001,104.78
11.296666,104.63166600000001
12.161388,104.885
11.089722,105.22083300000001
11.505555000000001,105.359444
11.464166,104.894444
12.085555000000001,105.07083300000001
11.395277,105.009166
11.330277,105.23833300000001
11.145555,105.25083300000001
11.719166,104.76333299999999
11.315277,105.25833300000001
11.439722,104.803888
11.420555,105.209166
11.445,104.914722
11.51,105.324722
11.420833,104.99138799999999
11.406111,105.233888
11.613333,104.80444399999999
11.453333,105.034722
11.6125,104.78527700000001
11.559166000000001,105.10555500000001
11.397222,105.26
11.605277000000001,104.833055
10.554722,104.774722
11.028055,105.206111
11.445,105.08888799999998
11.586111,104.815555
11.160277,105.019166
13.676110999999999,107.245
11.607777,104.788055
11.377222,105.17416599999999
11.459722,104.901944
11.53,104.759722
11.748055,104.78694399999999
11.206111,105.33444399999999
11.681944,104.80444399999999
11.275555,104.86333300000001
11.408611,105.26
11.357222,105.32361100000001
11.421666,105.20638799999999
12.2275,105.144444
11.383333,105.25166599999999
11.548055,104.7275
11.1575,104.994444
11.543611,104.723055
11.496666000000001,105.079722
11.534444,104.724722
11.586111,104.815555
11.582777,104.691388
11.574166,105.32555500000001
11.398888000000001,105.034722
11.468611,104.91194399999999
11.444166000000001,104.92944399999999
11.464166,104.89833300000001
11.490277,105.06888799999999
11.669444,105.12111100000001
11.143055,105.232777
11.127777,105.019166
10.653888,104.519722
11.433333,105.244722
11.586111,104.815555
11.331944,105.28
11.429722,105.234444
11.329722,104.87361100000001
11.464444,105.17638799999999
11.916944,105.451944
11.688333,104.7825
11.216388,105.122777
13.755,107.479722
11.420555,105.209166
11.453611,104.847222
11.385555,105.26166599999999
11.410833,104.84222199999999
11.691666,104.727777
11.447777,104.866111
11.438611,104.80111099999999
12.146944,104.87777700000001
11.6125,104.78527700000001
11.927777,105.44083300000001
13.552776999999999,106.434444
11.475,105.055
13.973888,107.37
11.426388000000001,104.776111
11.36,105.27083300000001
11.542777000000001,104.753333
11.748888,104.786111
11.470277000000001,104.777222
11.366388,105.23638799999999
11.492222,105.05138799999999
11.453055,105.4125
11.127777,105.019166
11.493055,105.05861100000001
11.362777000000001,105.249444
11.431666,104.88083300000001
12.192222000000001,104.89888799999999
11.420555,104.725
11.753888,104.49972199999999
11.448611,104.8625
11.462222,104.864166
11.471388000000001,104.866111
11.416944,104.78
11.456944,104.90472199999999
11.624166,104.685277
11.679444,104.798055
11.390833,104.899166
11.618611,104.741388
11.028055,105.206111
11.472222,105.028333
11.451388,104.777222
11.445,104.805555
12.049166,105.360277
11.428888,104.811111
11.557222,104.73388800000001
11.218055,105.311388
12.464444,105.164722
11.591666,104.81916600000001
11.466111,104.88361100000002
11.541944,104.757777
11.681944,104.80444399999999
11.985,104.90166599999999
12.053333,104.08833299999999
10.985555,105.203333
11.45,104.941666
11.283888000000001,104.605
11.096944,105.22888799999998
11.345555000000001,105.274166
11.132222,105.24555500000001
11.591666,104.81916600000001
12.054722,105.07722199999999
13.638333,106.498888
13.324166,104.205833
11.425833,105.35194399999999
11.510277,105.12472199999999
11.436111,105.25944399999999
12.145,104.836388
11.742777,104.86694399999999
11.413888,104.84222199999999
12.850555,105.16027700000001
11.393611,105.00833300000001
11.75,105.01833300000001
11.295555,104.624166
11.407222,105.036666
12.165833000000001,104.886944
11.374444,105.25166599999999
11.496666000000001,104.994444
11.078055,105.19388799999999
11.490277,105.06888799999999
11.474444,105.13666599999999
11.710277,104.95055500000001
11.296666,104.764444
11.907777000000001,105.4575
11.468611,105.10083300000001
11.451388,105.200277
11.372777000000001,104.306944
11.448611,104.8625
11.5075,104.98611100000001
11.441388,104.82305500000001
11.570555,104.68083299999999
11.204444,105.33444399999999
11.361944,105.00833300000001
11.432222,105.359444
11.286666,104.630555
11.703333,106.351666
12.27,106.0125
11.661111,104.71555500000001
11.606111,104.786111
11.480277000000001,104.87166599999999
11.429444,105.35861100000001
11.456944,104.930277
12.050277000000001,105.08638799999999
14.062776999999999,106.4125
13.389166000000001,106.087222
11.955277,104.760277
11.434444000000001,104.902777
11.336388000000001,105.24555500000001
11.723611,104.784444
11.444166000000001,104.92944399999999
11.649444,105.165277
11.454444,105.18833300000001
11.538333,104.758888
11.557222,104.73388800000001
11.304166,104.88361100000002
12.531666,105.509166
11.443333,104.91027700000001
11.445,104.805555
11.688333,104.7725
11.543611,104.723055
12.154166,104.866666
11.526388,105.35861100000001
11.448611,104.8625
11.075277,105.194166
12.936388,105.01111100000001
11.985555,104.902222
11.670277,105.11916599999999
11.296666,104.764444
11.461111,105.355833
12.147777,104.87583300000001
11.315277,105.260833
11.523888000000001,104.979722
11.683055,104.798055
11.330277,105.23833300000001
11.586111,104.815555
11.495,104.988055
11.459722,104.91
11.676666,105.11388799999999
12.733055,105.03138799999999
11.673888,105.108333
11.484444,104.74805500000001
11.349166,105.242777
12.149722,104.87416599999999
11.742222,104.72444399999999
11.617777,104.818333
11.588888,104.812777
11.446111,105.171388
11.436111,104.819722
11.439722,104.911111
11.586111,104.803611
11.457777,104.87166599999999
11.324722,105.244722
11.425833,105.34833300000001
11.755,104.49972199999999
11.545555,104.736666
11.639444000000001,104.77416600000001
11.421666,105.20638799999999
11.372777000000001,105.265833
11.473055,104.992777
11.701944000000001,104.76861099999999
12.041111,105.10111100000002
11.483055,105.02388799999999
12.156111,104.87777700000001
12.6625,104.86638799999999
11.420833,104.98611100000001
12.143611,104.406111
11.398888000000001,104.69833299999999
11.448055,104.9675
11.2425,104.988055
11.365833,104.393055
11.493055,104.991666
11.665,105.12305500000001
11.463611,104.78916600000001
11.429722,104.809166
11.635,104.69
11.5275,104.98166599999999
12.643611,104.910555
11.421666,105.240277
11.481388,104.8075
11.665,105.12583300000001
13.220277,106.02
11.448611,104.9
13.181110999999998,106.439722
12.147777,104.911666
11.081666,105.19388799999999
11.358333,105.009166
11.446944,104.92944399999999
11.338888,104.358333
11.716388,104.899166
11.51,105.324722
11.688333,104.798055
11.610555,104.826666
11.418888,105.22
11.357222,105.32361100000001
11.296666,104.63166600000001
11.439722,104.273055
11.079722,105.194166
11.475,105.055
12.175,104.885
11.453333,105.034722
11.476666,105.16388799999999
11.394444,104.9625
11.674722000000001,105.115555
11.511944,105.326388
11.699166,104.74166600000001
12.150555,104.87583300000001
13.342222,104.19194399999999
11.598888,104.77444399999999
11.719166,104.76333299999999
13.648333,106.49805500000001
12.0675,105.078055
11.928611,105.445555
11.411944,105.256111
12.050277000000001,105.07361100000001
11.43,104.81222199999999
11.531944000000001,104.98361100000001
11.460555000000001,105.18166599999999
11.446944,104.787222
11.361944,105.25388799999999
11.404444,104.80194399999999
11.683888,104.784444
11.478611,105.054166
11.076944000000001,105.21888799999999
11.443055000000001,104.93888799999999
11.358333,105.009166
12.053888,105.07361100000001
11.294166,105.05861100000001
11.495,105.052222
12.013888,105.31694399999999
11.482222,104.975277
11.480555,104.980833
11.613333,105.255
11.666111,104.668888
11.588055,104.79722199999999
11.673888,105.111944
11.430555,104.89638799999999
12.149722,104.87583300000001
11.726388,104.76861099999999
12.052777,105.064444
11.286666,104.628888
11.439722,104.878055
11.453333,105.03388799999999
11.510277,105.12472199999999
11.427777,104.81944399999999
12.546388,104.15305500000001
11.718888,104.684166
11.704722,104.742222
12.053888,105.07722199999999
11.466111,104.88361100000002
11.475,105.055
11.4325,104.88444399999999
12.064722,105.07916599999999
11.495,105.052222
11.201666000000001,105.33333300000001
11.716388,104.8925
12.124444,104.865
11.493055,104.99
11.444444,104.944166
11.609722,104.749444
11.330277,105.23833300000001
11.429166,104.9325
11.444166000000001,105.1375
11.285833,104.625277
11.444166000000001,104.78
11.415277,105.21555500000001
11.716388,104.8925
11.286666,104.630555
11.441111,104.88361100000002
11.542777000000001,104.752222
11.444166000000001,104.780833
11.335555000000001,105.2475
11.591666,104.799166
11.433333,104.793611
11.668611,105.121944
11.453333,105.03944399999999
11.584444,104.800833
11.7425,104.788888
11.437777,105.045833
11.505555000000001,105.32361100000001
11.475555,105.16611100000001
11.089722,105.22083300000001
11.621388,104.768888
11.353611,105.269444
11.464166,104.885277
11.451388,105.157777
11.558055,104.736666
11.324166,104.93111100000002
12.029444,105.076388
11.510277,105.12472199999999
12.136111,104.93666599999999
11.558055,104.67527700000001
11.481944,105.15722199999999
11.586111,104.815555
11.45,105.1375
11.588055,104.79722199999999
11.432222,105.359444
11.433333,105.244722
11.688333,104.77416600000001
11.409722,105.166944
11.285833,104.846944
12.146944,104.87777700000001
11.429722,104.725
11.432222,105.359444
12.055555,105.08444399999999
13.320276999999999,104.209166
11.361944,105.00833300000001
12.140555,104.866666
11.016944,104.540277
11.444166000000001,104.929166
13.725,107.40722199999999
12.147777,104.88333300000001
12.124444,104.865
11.616111,104.811944
11.484444,104.74805500000001
11.611388,104.78527700000001
12.172222,104.886944
12.149722,104.87583300000001
11.504722000000001,105.32361100000001
11.427777,104.81944399999999
11.584444,104.802777
11.588055,104.75694399999999
11.462222,104.873333
11.415277,105.21555500000001
11.608888,104.823888
13.534722,105.81333300000001
11.329444,105.243055
11.606944,104.833055
12.156944000000001,104.878611
11.205277,105.274722
12.149722,104.87777700000001
11.636666,104.773333
11.405277,104.810277
11.489444,105.053055
11.716388,104.8925
11.453333,105.03944399999999
13.586666000000001,107.519722
12.153333,104.87944399999999
11.470555000000001,105.168888
11.3375,105.2475
11.455,104.82583299999999
11.4125,105.21555500000001
11.719166,104.76333299999999
11.453333,104.822777
11.4025,104.786388
11.386944,105.261944
11.447777,104.930277
11.358333,105.009166
14.196944,105.266944
11.385555,104.86694399999999
11.429722,104.926666
12.155,104.880555
11.398888000000001,104.69833299999999
11.493055,105.052222
11.475,105.055
11.261388,104.887222
11.502222,104.984444
11.410833,104.84222199999999
11.355555,105.25388799999999
12.156111,104.87583300000001
11.4325,104.921944
11.489444,104.992777
11.453333,104.798333
11.480555,104.980833
11.716388,104.742222
11.397222,105.26138799999998
11.756388000000001,105.00638799999999
11.405277,105.18416599999999
11.721944,105.00638799999999
11.143055,105.232777
11.7025,104.536666
12.192222000000001,104.89888799999999
11.134722,105.24638799999998
11.629444,104.766944
11.330555,105.243333
11.056666,105.19611100000002
12.147777,104.87777700000001
12.258055,104.8575
11.453333,104.78916600000001
12.161388,104.904444
11.389722,105.26138799999998
11.432222,105.359444
11.436111,104.273055
11.358333,105.009166
11.450833,104.969444
11.611388,104.73861099999999
11.446944,104.781666
11.758611,104.527222
11.36,105.01361100000001
11.613333,104.80444399999999
11.6675,105.094444
11.704722,104.742222
12.153333,104.87583300000001
11.661111,104.71555500000001
11.723611,104.784444
13.220277,106.02
11.621388,104.783333
11.555277,104.6725
11.326666000000001,105.244722
11.629444,104.766944
11.324722,105.03944399999999
11.670277,105.11
11.639444000000001,104.77416600000001
11.480555,104.980833
11.584444,104.800833
11.594166,104.770555
11.6875,104.79083299999999
11.283888000000001,104.605
11.3175,105.25111100000001
11.444166000000001,104.929166
11.372777000000001,105.265833
12.053333,104.08833299999999
11.456111,104.877222
11.723611,104.784444
12.6625,104.86638799999999
11.482222,104.975277
11.435277000000001,104.967777
11.358333,105.009166
11.746111,104.79333299999999
13.518332999999998,106.61166599999999
11.433333,104.803888
11.724166,104.486944
11.480555,104.980833
11.453333,104.8075
11.026111,105.446666
11.296666,104.764444
11.616944,104.820277
11.345555000000001,105.274166
12.145277,104.866666
11.290555,105.04111100000001
11.548055,104.7275
11.672222,105.116666
11.688333,104.7725
11.939444,105.46388799999998
11.538333,104.758888
11.538333,104.758888
11.71,104.710833
11.744444,104.79083299999999
11.286666,104.626944
11.285,104.855277
11.4425,104.869722
11.446944,104.787222
11.439722,104.273055
11.41,105.043888
11.455,104.76055500000001
11.593333,104.804722
11.579722,104.81
11.609722,104.749444
11.216111,105.27861100000001
11.357222,105.234444
12.728611,105.04888799999999
11.927777,105.442777
12.061944,105.06527700000001
11.6675,105.102777
12.149722,104.87944399999999
12.056388,105.09361100000001
12.158611,104.885
11.584444,104.81
11.5075,105.322777
11.716388,104.899166
11.448333,104.96555500000001
11.460555000000001,105.05138799999999
11.972222,105.385833
11.1275,105.18305500000001
11.588888,104.812777
11.4425,104.9175
11.460555000000001,105.18166599999999
12.064722,105.074444
11.535555,104.747777
12.154166,104.876944
11.716388,104.8925
12.041111,105.08277700000001
11.632222,104.79638800000001
11.744444,104.79083299999999
11.738055000000001,104.75666600000001
11.698333,104.752222
11.457777,104.87166599999999
11.393611,105.00833300000001
11.594166,104.6825
11.453333,105.034722
11.453888000000001,104.799166
11.5075,105.322777
11.046111,105.21972199999999
11.406111,105.233888
11.480555,104.980833
11.383888,105.26305500000001
14.196944,105.266944
11.385555,105.255
11.71,104.798888
11.474166,105.138333
11.927777,105.44083300000001
13.275554999999999,105.010277
11.490277,105.08083300000001
11.51,105.324722
11.453611,104.847222
12.155,104.880555
11.474166,105.168333
11.511111,104.97166599999998
11.475833,104.7475
11.193611,105.247222
11.449722,105.089722
11.333888,105.03583300000001
11.723055,106.40055500000001
11.468055,104.87888799999999
11.160277,105.019166
12.143333,104.87944399999999
11.450555,105.694166
11.444166000000001,104.92111100000001
11.744444,104.753888
11.056111,105.195
11.6975,104.755833
11.442222000000001,104.93166599999999
11.429722,104.809166
11.451111000000001,104.872777
12.149722,104.87583300000001
11.480555,104.980833
11.927777,105.442777
11.719166,104.76333299999999
11.703055,104.537222
11.443333,104.80194399999999
11.472222,105.1375
11.1,105.503611
11.559166000000001,105.10555500000001
11.324722,105.03944399999999
11.411666,104.7625
11.588055,104.79722199999999
11.1575,104.994444
11.665,105.12111100000001
11.413333,105.22
12.149722,104.87583300000001
11.610555,104.702777
11.324722,105.244722
11.469444000000001,105.172777
11.385555,105.255
11.056944,105.197777
11.441388,105.03388799999999
11.444444,104.931944
11.431111,104.95
13.091388,104.368888
11.444166000000001,104.780833
11.673055,105.108333
11.479166000000001,105.89694399999999
11.449722,105.069722
11.448888,104.902777
12.072777,105.078055
11.718055,104.718333
11.454166,104.88444399999999
12.135277,104.917222
11.0475,105.194722
13.181110999999998,106.42944399999999
11.283888000000001,104.605
11.441388,105.03388799999999
11.456944,104.901944
11.458611,104.787222
11.588888,104.809166
11.398888000000001,105.17888799999999
11.385555,105.26166599999999
11.398888000000001,105.028333
11.389722,105.26138799999998
11.450555,105.694166
11.453333,104.798333
11.6125,104.759722
11.495,104.988055
11.438611,105.37055500000001
11.216111,105.27861100000001
11.291111,104.86166599999999
11.468611,104.86166599999999
12.715,105.025
11.543611,104.73305500000001
11.420833,104.98611100000001
11.584444,104.800833
11.444166000000001,104.88083300000001
11.548055,104.75694399999999
12.030277,105.07722199999999
11.587222,104.814722
12.1775,104.899722
11.451111000000001,104.78
11.578055,104.735833
11.43,104.99638799999998
11.449166,104.956111
11.453055,104.73861099999999
12.160555,104.886944
11.479166000000001,105.89694399999999
11.354722,104.79638800000001
13.973888,107.37
12.522777,104.59777700000001
11.488055000000001,105.87111100000001
11.046666,105.21083300000001
11.453333,104.866111
13.667777,107.24666599999999
12.27,106.0125
11.465833,104.912777
11.438888,104.924444
11.716388,104.8925
11.206111,105.33444399999999
12.464444,105.164722
11.037222,105.195
11.459722,104.90833300000001
11.471388000000001,104.866111
11.487777000000001,105.061388
11.429722,104.926666
11.673055,105.11388799999999
11.706388,104.81
11.429166,104.9325
11.669444,105.114722
11.673888,105.10555500000001
11.681944,104.80444399999999
12.146111,104.88611100000001
11.4325,104.821111
11.471388000000001,104.73777700000001
11.510833,105.35861100000001
11.456944,104.86694399999999
11.669444,105.114722
12.077222,105.11583300000001
11.244166,104.636111
11.36,105.27083300000001
11.089722,105.22083300000001
11.732777,104.769722
12.931944,105.0075
11.448611,104.8625
11.078888000000001,105.194166
11.296666,104.764444
11.133888,105.247222
11.480277000000001,105.09
11.418888,104.768055
11.674722000000001,105.115555
11.089722,105.22083300000001
12.062777,105.07888799999999
12.175,104.885
11.611388,104.73861099999999
12.034722,105.07361100000001
11.461111,105.355833
12.172222,104.885
11.756111,104.7375
11.466944,105.135833
11.439722,104.839444
11.688333,104.798055
11.5275,104.98166599999999
12.157777000000001,104.88333300000001
11.421388,105.34833300000001
11.569722,104.6725
11.296666,104.764444
11.537222,105.207222
11.437777,104.816666
12.051944,105.06694399999999
12.931111,105.010277
11.323888,105.244722
11.371666000000001,105.267777
11.198055,105.32611100000001
11.709166,104.775277
11.39,105.23833300000001
11.579722,104.81916600000001
11.448888,104.951944
11.244166,104.636111
12.149722,104.87583300000001
12.0475,105.06888799999999
11.444722,105.216944
11.414166,104.943611
11.613333,105.255
12.149722,104.87583300000001
11.089722,105.195
11.420555,105.209166
11.520277,104.992777
11.373611,104.83694399999999
11.4325,104.834166
13.051388000000001,106.19
11.685555,104.800833
12.146111,104.878611
11.444166000000001,104.78
11.669444,105.12111100000001
11.464444,105.17638799999999
11.709166,104.775277
11.457777,105.011944
12.696666,104.849722
11.7325,104.719166
11.066666,105.195
12.160555,104.880555
11.480555,104.980833
11.617777,104.818333
11.503611,105.00444399999999
12.161388,104.904444
13.643610999999998,106.90472199999999
13.583888,107.513888
11.462222,104.864166
11.434166000000001,104.73861099999999
11.606944,104.811944
11.483055,105.0275
11.160277,105.01472199999999
11.7025,104.536666
11.519722,105.732222
11.037222,105.195
11.456111,104.877222
11.6125,104.78527700000001
11.670277,105.11277700000001
11.418888,104.768055
11.438611,105.23
11.483611,104.984444
13.045833,104.874444
11.459722,104.901944
11.450277,104.867777
11.450555,104.923055
12.175,104.885
11.421666,105.20638799999999
11.372777000000001,104.306944
11.444166000000001,104.92111100000001
11.493055,105.10361100000001
13.386388,106.085277
11.374444,105.267777
11.510277,105.123888
11.716388,104.8925
11.424166,104.838611
11.673888,105.102777
11.473888,105.14111100000001
11.418888,104.768055
11.668611,105.108333
11.465,104.901944
11.955277,104.76305500000001
11.456944,104.930277
13.935277,107.45111100000001
11.726388,104.769722
11.588055,104.743055
11.450555,104.923055
11.428055,105.02388799999999
12.288055,106.022777
11.458333,104.794166
11.479444,105.07888799999999
11.265277000000001,104.89
11.449166,104.956111
11.456944,104.930277
11.485,104.80111099999999
11.045,105.201944
11.542777000000001,104.753333
11.404444,104.71583299999999
11.453333,105.169722
11.53,104.759722
12.8525,105.06638799999999
11.4475,104.930555
14.181666,105.25111100000001
12.107222,105.95388799999999
11.71,104.798888
11.453333,104.835
11.161944,105.01472199999999
11.331666,104.87638799999999
11.723611,104.784444
11.324722,105.244722
11.323611,105.248333
11.432222,105.359444
11.439722,104.901944
11.669444,105.12111100000001
11.316944,105.24861100000001
11.296666,105.30805500000001
11.684722,104.801666
11.706388,104.81
12.154166,104.882222
11.420833,104.816666
12.154166,104.866666
11.411666,104.7625
12.850555,105.16027700000001
11.748888,104.786111
11.276666,104.59777700000001
12.055555,105.091944
11.586111,104.751388
11.075277,105.194166
11.657777000000001,104.965
11.701944000000001,104.76861099999999
11.668611,105.121944
11.698333,104.752222
11.3475,104.87166599999999
12.135555,104.406111
13.552776999999999,106.434444
11.506388000000001,105.324722
11.697222,104.726111
11.323888,105.244722
12.034722,105.07361100000001
10.978333000000001,105.209722
11.584444,104.800833
12.058888,105.358333
11.39,105.24194399999999
12.145277,104.878611
11.444166000000001,104.8625
11.152777,105.254722
12.154166,104.87416599999999
11.339166,104.87166599999999
11.095,105.225277
11.436944,104.782777
11.296666,104.764444
11.085833000000001,105.22
11.387222,104.850555
11.670277,105.11111100000001
11.425555000000001,104.435277
12.066388,105.06888799999999
11.446944,104.92944399999999
11.201666000000001,105.33333300000001
11.089722,105.22083300000001
11.435,104.78
13.386388,106.075277
11.688333,104.784444
12.058888,105.358333
11.444444,104.848611
11.464722,105.06416599999999
11.723611,104.784444
11.679444,105.11277700000001
12.050277000000001,105.064444
11.456111,104.877222
12.061944,105.07888799999999
11.300277000000001,104.630555
11.450555,104.878055
11.383611,105.26305500000001
11.732777,104.769722
11.588055,104.815555
11.587222,104.81916600000001
12.854166000000001,105.057222
11.439444,105.355833
12.2275,105.144444
12.846111,104.902222
11.037222,105.195
12.030277,105.07722199999999
12.156944000000001,104.797777
11.716388,104.899166
12.149722,104.875
12.931944,105.0075
12.156111,104.87583300000001
11.449444,104.756111
11.578055,104.811944
11.742777,104.867777
11.6675,105.102777
11.430555,104.890833
11.435277000000001,105.18166599999999
11.475,105.16611100000001
11.483888,105.09638799999999
11.409722,105.166944
11.471388000000001,104.73777700000001
12.055277,105.35555500000001
12.080833,105.07916599999999
11.609722,104.749444
11.361944,105.25388799999999
11.514722,105.11638799999999
11.362777000000001,105.249444
11.510277,105.12472199999999
11.308611,104.930277
11.456111,105.067777
11.516666,104.99638799999998
11.400555,105.260277
11.448611,104.892777
11.447777,104.92111100000001
11.701944000000001,104.76861099999999
11.455,104.755277
11.4325,104.834166
12.764722,105.02388799999999
12.931944,105.009166
11.444166000000001,104.92111100000001
11.511944,104.994444
11.490277,105.06888799999999
11.4325,104.834166
11.54,104.752222
11.414166,104.943611
11.600555,104.780833
11.579722,104.81916600000001
11.316666,105.25111100000001
13.146111,105.272222
11.617777,104.818333
11.440555,105.220555
11.393611,105.00833300000001
11.446944,104.92944399999999
11.358333,105.251944
11.453333,104.866111
11.071666,105.194166
11.688333,104.798055
11.927777,105.448333
10.978333000000001,105.209722
11.520277,104.992777
11.453333,104.813888
11.388055,104.850555
11.371666000000001,105.267777
11.380277,104.77972199999999
11.493055,105.07611100000001
11.444166000000001,104.6975
11.927777,105.448333
13.146111,105.272222
11.361944,105.00833300000001
11.588888,104.770555
13.091388,104.368888
11.448611,104.8625
11.629444,104.766944
11.632222,104.799166
11.428888,104.811111
11.469444000000001,104.992777
11.460277,105.350277
12.074444,105.3575
11.453333,105.03944399999999
10.978333000000001,105.209722
11.453333,104.804722
11.338333,105.24916599999999
11.286666,104.630555
11.441388,105.03388799999999
11.4325,104.921944
11.539166,104.758888
11.459722,104.895555
11.556388,104.736666
13.045833,104.874444
12.1525,104.87583300000001
11.576111000000001,104.681666
11.538333,104.758888
11.448611,104.88083300000001
11.435555,105.233888
11.586111,104.815555
11.446111,104.821111
12.135277,104.917222
11.480555,104.980833
11.455,104.755277
11.417777000000001,105.256666
11.688333,104.798055
12.053888,105.07722199999999
11.742777,104.86694399999999
12.156111,104.87583300000001
11.037222,105.195
11.516666,104.99638799999998
14.181666,105.25111100000001
12.055555,105.090833
11.478611,104.97888799999998
11.095,105.225277
11.530833,105.334722
11.684722,104.801666
11.032777000000001,105.206111
11.533888000000001,104.98166599999999
11.436388,105.243055
11.71,104.710833
11.661388,105.11916599999999
11.732777,104.769722
11.6125,105.69
12.746666000000001,104.975
13.652776999999999,106.50166599999999
11.459722,104.895555
11.471388000000001,105.14111100000001
11.398888000000001,105.265833
11.485,104.97694399999999
11.464722,105.353055
11.429722,104.809166
11.463055,105.17694399999999
12.8425,104.896666
11.225277,105.31888799999999
12.149722,104.87583300000001
11.956944,104.75944399999999
11.326666000000001,105.2475
11.455,104.798333
12.055555,105.088333
14.201388,104.725833
11.6125,104.77416600000001
11.426111,104.885277
11.372777000000001,104.306944
12.147777,104.876944
11.403611,104.828055
11.4575,104.77194399999999
11.323888,105.244722
11.444166000000001,104.821111
11.723611,104.784444
13.868610999999998,104.758333
11.436666,105.218333
11.453333,105.034722
11.629444,104.766944
11.302222,104.88361100000002
11.475277,105.01305500000001
11.480555,104.980833
11.444166000000001,104.87166599999999
11.448611,104.90916599999998
11.616111,104.818333
11.36,105.01361100000001
11.389722,105.26138799999998
11.436388,104.9425
11.600555,104.71555500000001
11.559166000000001,105.10555500000001
13.516110999999999,105.942777
11.474166,104.8725
11.425277000000001,104.994444
11.261388,104.887222
12.156944000000001,104.878611
12.055555,105.08638799999999
11.425277000000001,104.994444
11.361111,104.87166599999999
11.695555,104.775277
11.639444000000001,104.77416600000001
11.581666,104.68083299999999
11.4425,104.97583300000001
12.175,104.885
11.588888,104.812777
11.296666,104.764444
11.927777,105.448333
11.703055,104.537222
11.051666,105.195
11.446944,104.92944399999999
11.434166000000001,105.05027700000001
11.614166,104.802777
11.587222,104.284444
12.172222,104.885
11.4125,105.21555500000001
11.312777,105.36111100000001
11.4425,104.935833
11.745277,104.79083299999999
11.705,104.742222
11.531944000000001,104.979722
11.505555000000001,105.33277700000001
11.39,105.24194399999999
11.955277,105.67694399999999
12.136111,104.93666599999999
11.665833000000001,105.12305500000001
11.7,104.755833
11.335555000000001,105.24388799999998
11.670277,105.11
11.543611,104.723055
11.825,104.87055500000001
11.958611,105.357222
11.635,104.69
11.300277000000001,104.630555
11.471388000000001,105.14111100000001
11.439444,105.355833
11.45,104.977222
11.688333,104.798055
11.323333,105.244722
11.716388,104.899166
11.08,105.19444399999999
11.479444,105.07888799999999
11.588055,104.75694399999999
11.438888,104.924722
11.415277,105.21555500000001
11.485,104.80111099999999
11.295,105.04111100000001
12.684166000000001,104.950277
11.201666000000001,105.33333300000001
11.928611,105.445555
12.149722,104.875
11.611388,104.731111
11.510277,105.12472199999999
11.685555,104.777777
12.058888,105.358333
14.181666,105.25111100000001
11.673888,105.108333
11.673888,105.10555500000001
13.519166,106.617222
11.608888,104.823888
12.151388,104.880555
11.618611,104.799166
12.439166,104.965
11.371944000000001,105.17055500000001
11.457777,104.87166599999999
11.091388,105.210555
11.420555,104.725
11.469444000000001,104.992777
11.6975,104.755833
11.316666,105.251944
11.464722,105.06416599999999
12.0475,105.0625
11.34,105.24555500000001
11.453055,105.4125
11.676666,105.114722
11.985555,104.902222
11.449444,104.742222
11.452222,104.750555
11.474166,105.165
11.669444,105.115555
11.579722,104.800833
11.579722,104.6825
11.463611,104.78916600000001
11.510277,105.123888
11.445,105.08888799999998
11.456944,104.892777
12.149722,104.875
11.7425,104.788888
11.701944000000001,104.76861099999999
11.520277,104.992777
10.978333000000001,105.209722
11.455,104.82583299999999
11.629444,104.766944
11.041666000000001,105.206111
11.4125,105.21555500000001
11.456944,104.831388
11.446944,104.781666
12.072777,105.078055
11.0825,105.194166
11.496666000000001,104.98611100000001
14.067222000000001,106.41444399999999
11.574444,104.683611
11.204444,105.274722
11.456944,104.930277
11.474722,105.138333
11.6975,104.89
11.483055,105.15666599999999
12.135555,104.406111
11.038055,105.20888799999999
11.578055,104.735833
11.505555000000001,105.33277700000001
11.445,104.803888
13.516110999999999,105.942777
11.510833,105.35861100000001
11.688333,104.798055
11.386111,105.26138799999998
11.669444,105.12111100000001
11.436111,104.920277
12.715,105.025
11.525555,104.98888799999999
11.716388,104.8925
11.985555,104.902222
11.361111,104.87166599999999
12.154166,104.87416599999999
12.149722,104.87583300000001
11.431666,104.8825
11.354722,104.79638800000001
11.671111,105.108333
11.588055,104.79722199999999
12.149722,104.87583300000001
11.668611,105.108333
11.685555,104.802777
11.54,105.098055
10.914166,104.960555
11.331944,104.87638799999999
11.4025,104.786388
11.286666,104.630555
11.444166000000001,104.6975
11.482222,105.053055
11.6375,104.6725
11.509722,104.4075
11.453333,105.169722
11.668611,105.121944
11.316666,105.25111100000001
11.513888,104.98888799999999
11.734166,104.463888
11.458611,104.975277
11.078888000000001,105.194166
11.444722,105.216944
12.057222,105.25444399999999
12.146944,104.87777700000001
11.404444,104.71583299999999
11.545555,104.736666
12.062777,105.07888799999999
12.013888,105.31694399999999
11.160277,105.019166
11.433333,104.803888
11.510277,105.12472199999999
11.629444,104.766944
11.398888000000001,105.265833
11.33,104.87361100000001
13.324166,104.205833
11.444166000000001,104.78
11.398888000000001,105.260277
11.645833,104.80444399999999
11.927777,105.448333
12.156944000000001,104.797777
11.437777,104.85972199999999
11.496666000000001,105.079722
11.361944,105.27138799999999
11.669444,105.115555
12.146111,104.87777700000001
13.518332999999998,106.61166599999999
11.202777000000001,105.25638799999999
11.431666,104.935
11.0875,105.194166
11.921388,105.4575
12.149722,104.875
11.457777,104.802777
11.617777,104.818333
11.152777,105.254722
11.586111,104.815555
11.665833000000001,105.12305500000001
13.663054999999998,107.51833300000001
12.080833,105.07916599999999
12.055555,105.090833
11.610555,104.82555500000001
11.71,104.798888
11.444166000000001,104.78
11.453333,105.034722
11.489444,104.992777
11.121388,105.24083300000001
11.669444,105.115555
11.606944,104.811944
11.085,105.22083300000001
11.142777,104.517222
12.051944,105.06694399999999
14.166944,107.317777
11.2725,105.031944
11.531944000000001,104.755
11.749722,104.706388
11.455,104.76055500000001
11.428888,104.811111
11.459722,104.901944
11.669444,105.115555
11.927777,105.448333
13.547222,106.460277
11.443333,104.91027700000001
11.481388,105.036666
12.066388,105.103055
11.613333,105.255
11.594166,104.770555
12.144166,105.795
11.418888,105.22
12.143333,104.87944399999999
13.518332999999998,106.61166599999999
11.734166,104.746944
11.520277,104.992777
11.449444,104.773611
12.131666000000001,104.93666599999999
12.160555,104.87944399999999
12.149722,104.87583300000001
14.067222000000001,106.415
11.439722,104.803888
11.683055,104.798055
11.744444,105.061388
11.397222,105.26
11.349166,105.242777
11.452222,105.191666
11.464166,104.89833300000001
12.030277,105.07888799999999
12.6625,104.86638799999999
11.436111,104.821111
11.444166000000001,104.78
11.462222,104.78
12.149722,104.87944399999999
11.024444,104.81222199999999
11.611388,104.78527700000001
11.416944,105.256666
11.408055000000001,105.036666
12.178055,104.88611100000001
12.033888000000001,105.08
11.465,105.69333300000001
11.480555,104.979722
13.681666,106.168888
11.404444,104.71583299999999
11.735,104.73944399999999
11.929444,105.44916599999999
11.449722,105.2
11.34,105.24555500000001
11.421666,105.20638799999999
11.448055,104.9675
11.423611,104.955277
11.475833,105.033055
11.480555,104.980833
11.444166000000001,104.92111100000001
11.448611,104.8625
12.147777,104.876944
11.721944,104.87638799999999
11.453333,105.169722
12.0475,105.0625
11.557222,104.73388800000001
11.498611,104.98611100000001
11.323888,105.244722
11.091388,105.210555
11.625833,104.769722
13.519166,106.617222
11.610555,104.82555500000001
11.283888000000001,104.605
11.408055000000001,105.223611
13.389166000000001,106.087222
11.145555,105.251944
11.51,105.324722
11.719166,104.76333299999999
11.478333000000001,105.16194399999999
11.473888,104.74333299999999
11.225277,105.31888799999999
12.439166,104.9725
11.436388,105.243055
11.957777,104.75944399999999
11.614166,104.811111
11.290555,105.04111100000001
12.643611,104.910555
11.693888000000001,104.794444
11.661111,104.71555500000001
11.645833,104.724722
11.676666,105.11277700000001
12.156111,104.87583300000001
11.434166000000001,104.98888799999999
11.458611,105.8125
11.927777,105.448333
12.226388,105.15166599999999
12.161388,104.904444
11.721944,104.87638799999999
11.459722,104.89
11.451111000000001,104.9
13.346110999999999,105.023055
11.1575,104.994444
12.154166,104.876944
11.397222,105.26138799999998
11.670277,105.11388799999999
12.192222000000001,104.89888799999999
12.051944,105.06694399999999
11.6125,104.759722
12.149722,104.886944
11.673055,105.11388799999999
12.140555,104.87138799999998
11.091388,105.18305500000001
11.055277,105.199722
12.055555,105.0975
11.683055,104.791666
11.437777,104.813055
11.448611,104.90916599999998
12.05,105.3675
11.465833,104.912777
11.578055,104.7275
11.646111,104.683611
11.453333,104.874444
11.480555,104.980833
12.059166000000001,105.06527700000001
11.608888,104.823888
11.050833,105.195
11.09,105.22083300000001
12.064722,105.06694399999999
11.445833,104.767222
11.429444,105.35861100000001
12.041111,105.08638799999999
11.418888,104.768055
11.444166000000001,104.78
12.1775,104.899722
11.668611,105.1175
11.290555,105.04111100000001
11.648333000000001,104.680555
12.066388,105.06888799999999
11.361944,105.00833300000001
11.591666,104.799166
11.649444,105.165277
11.409722,105.166944
11.704722,104.743055
11.611388,104.73861099999999
12.149722,104.875
11.386944,104.860277
12.2275,105.144444
11.296666,104.63166600000001
11.436111,104.819722
11.588055,104.815555
11.5075,104.98611100000001
11.393611,105.00833300000001
11.071666,105.194166
11.459722,104.901944
11.476666,105.16388799999999
11.160277,105.019166
11.928611,105.445555
11.505555000000001,105.32361100000001
11.435277000000001,104.85333299999999
11.435277000000001,105.045833
11.086944,105.22083300000001
11.461111,105.355833
11.440555,105.043888
11.445,104.805555
12.926666,105.0075
12.055555,105.08444399999999
12.055555,105.25444399999999
11.326111000000001,105.24388799999998
12.041111,105.08638799999999
11.654722,104.655
12.055555,105.08444399999999
11.495,104.988055
12.049166,105.3575
12.077222,105.11583300000001
11.577222,104.79722199999999
11.555277,104.6725
12.173055,104.899722
11.4025,105.03111100000001
11.520277,104.992777
11.285833,104.846944
12.146944,104.885
11.136666,105.247222
11.514722,105.335555
11.606944,104.833055
11.397222,105.24555500000001
11.445,104.935
12.153333,104.88138799999999
11.286666,104.63166600000001
12.172222,104.886944
11.482222,105.053055
11.502222,104.994444
11.472222,105.1375
11.629444,104.766944
11.586111,104.803611
11.919722,105.44444399999999
11.323888,105.244722
11.457777,104.87166599999999
12.695,104.844444
11.671111,105.108333
12.052777,105.064444
11.721944,104.87638799999999
12.0475,105.06888799999999
11.607777,104.788055
11.386944,104.860277
11.800277000000001,104.880555
11.693888000000001,104.794444
12.080833,105.07916599999999
13.386388,106.085277
11.395277,105.009166
11.668611,105.12111100000001
11.548055,104.75694399999999
11.453333,104.835
12.050277000000001,105.088333
12.029444,105.076388
11.4225,105.04666599999999
11.428611,105.235555
11.456944,105.164166
11.668611,105.12111100000001
11.439722,104.911111
11.747222,105.01833300000001
11.448611,104.8625
11.740833,104.750277
11.455,104.84055500000001
11.613055000000001,104.638611
11.927777,105.448333
11.446944,104.781666
12.147777,104.87583300000001
11.371944000000001,105.17055500000001
11.475833,104.7475
11.641388000000001,104.690833
13.091388,104.368888
11.484166,105.03388799999999
11.927777,105.44083300000001
11.449444,104.773611
11.467777,104.777222
11.091388,105.18305500000001
12.041111,105.08638799999999
11.435,104.758888
11.489444,105.059722
11.450555,105.03944399999999
11.035277,105.201388
11.478611,105.054166
12.049166,105.360277
11.439444,105.32555500000001
11.683055,104.798055
12.62,104.99805500000001
12.192222000000001,104.89888799999999
11.457777,104.895555
11.225277,105.31888799999999
11.384166,105.858888
11.444166000000001,104.78
11.668611,105.104722
11.613333,104.80444399999999
11.379444,104.93416599999999
11.426111,104.9175
11.449722,105.200833
11.081666,105.19388799999999
12.270833,105.71555500000001
11.4425,104.87611100000001
11.740833,104.750277
11.459722,104.895555
11.439722,104.89638799999999
11.955277,104.75944399999999
11.410833,104.84222199999999
11.629444,104.766944
11.444166000000001,104.8625
11.465,104.73777700000001
11.455,104.832222
11.454444,105.18833300000001
11.331944,105.279444
11.516666,104.995277
11.611388,104.82555500000001
11.673888,105.111944
11.6125,104.759722
12.141388000000001,104.875
11.600555,104.709166
11.688333,104.798055
11.584444,104.800833
11.756111,104.7375
11.383055,105.26305500000001
12.0575,105.085555
11.216111,105.27861100000001
11.423333,105.255555
11.459722,104.895555
11.586111,104.815555
11.413333,105.22
11.216111,105.27861100000001
11.374444,105.25166599999999
14.196944,105.266944
12.149722,104.87583300000001
11.606944,104.761388
12.048333,105.075277
13.648333,106.49805500000001
11.456944,104.866111
12.149722,104.87583300000001
11.464166,104.914722
11.400555,105.260277
11.331944,105.279444
11.453333,105.034722
11.955277,104.75944399999999
11.428611,105.235555
11.272222,104.773611
11.320277,104.867222
11.465833,105.17333300000001
11.411666,104.7625
11.453055,105.4125
11.428055,105.02388799999999
11.688333,104.798055
11.578055,104.73388800000001
11.39,105.252222
12.147777,104.87583300000001
11.462222,104.90833300000001
11.286666,104.626944
11.296666,105.30805500000001
11.423611,104.955277
12.218333,105.14333300000001
12.696666,104.834166
11.448611,104.8625
13.518332999999998,106.61166599999999
12.149722,104.87583300000001
11.285833,104.625277
11.683055,104.798055
11.436666,105.218333
11.433611,105.236944
11.489444,105.053055
11.533888000000001,104.98166599999999
11.320277,104.867222
11.542777000000001,104.753333
11.329722,104.87638799999999
11.448611,104.8625
11.583333,104.815555
11.454166,104.754166
11.393611,105.00833300000001
12.173055,104.899722
11.609722,104.749444
11.452222,104.79722199999999
11.541944,104.757777
11.509166,105.34583300000001
11.633055,104.68333299999999
12.149722,104.87583300000001
12.150555,104.87583300000001
11.398888000000001,105.17888799999999
11.582777,104.691388
11.505555000000001,105.32361100000001
11.600833,105.70361100000001
12.053888,105.07361100000001
11.444722,104.78944399999999
11.076111000000001,105.194166
12.138888,104.908055
11.685555,104.800833
11.432222,104.80583299999999
11.427777,105.235555
11.4425,104.9175
11.453333,104.8075
11.361944,105.00833300000001
12.107222,105.95388799999999
11.088611,105.22083300000001
11.285833,104.626944
10.945,104.97611100000002
11.484444,105.016944
12.050277000000001,105.07361100000001
11.447777,104.935833
11.471388000000001,105.140833
11.578888000000001,104.767777
11.448611,104.8625
11.670277,105.114722
11.469444000000001,104.992777
11.408055000000001,104.87166599999999
11.316666,105.25111100000001
11.144722,105.251944
11.588888,104.812777
11.456944,104.90472199999999
12.146944,104.88611100000001
11.459722,104.89
12.053888,105.08638799999999
11.076944000000001,105.194166
12.145277,104.885
11.470555000000001,105.168888
12.163333,104.885
13.386388,106.085277
13.788054999999998,105.36083300000001
11.459722,104.895555
11.450277,105.84638799999999
11.438055,104.822222
11.469444000000001,105.03388799999999
12.1525,104.87583300000001
11.400833,104.86694399999999
11.478611,104.97888799999998
11.358333,105.251944
11.493055,105.052222
11.437777,104.813055
11.432222,105.359444
11.474166,104.8725
11.721944,105.00638799999999
11.460555000000001,104.95222199999999
11.654166,104.658055
11.404444,105.23
11.610555,104.82555500000001
11.579722,104.682222
11.439722,104.803888
11.672222,105.102777
12.698611,104.834166
11.4425,104.869722
11.0425,105.209722
11.206111,105.33444399999999
11.735,104.73944399999999
11.444166000000001,104.88083300000001
11.688333,104.655
11.400833,105.256666
11.686111,104.220833
11.359166,105.23361100000001
11.434166000000001,104.98888799999999
11.513055,104.987222
11.490833,105.861944
14.181666,105.25111100000001
12.060277000000001,105.064444
11.988611,104.776666
11.610555,104.78527700000001
11.502222,104.984444
11.716388,104.742222
11.683888,104.807222
11.385277,105.208055
11.466666,104.776388
11.44,104.827777
11.372777000000001,105.26666599999999
11.133888,105.247222
11.142777,104.517222
11.710833000000001,104.716388
11.425555000000001,104.435277
11.460555000000001,104.899166
11.373611,105.223611
11.095,105.225277
11.585277,104.7525
11.43,104.88638799999998
11.5075,104.98611100000001
11.4325,105.235555
11.654166,104.658055
11.495833,104.975277
11.545277,104.7275
11.385833,105.255277
12.160555,104.878611
13.868610999999998,104.758333
11.624444,104.704166
12.138888,104.908055
12.060277000000001,105.08638799999999
12.147777,104.911666
11.415277,105.21555500000001
12.160555,104.880555
11.71,104.798888
12.684166000000001,104.950277
12.160555,104.878611
11.513055,104.97444399999999
11.160277,105.01472199999999
11.6125,104.811944
11.477777,105.02444399999999
11.479444,105.742777
12.546388,104.15305500000001
11.557222,104.73388800000001
11.716388,104.8925
11.463055,105.3475
11.608888,104.82555500000001
11.471388000000001,105.013888
11.404444,104.71583299999999
13.61,107.44611100000002
11.53,104.759722
11.330277,105.241111
12.0675,105.078055
11.411666,105.212777
11.570555,104.68083299999999
11.428611,105.235555
12.149722,104.87583300000001
14.055554999999998,106.41361100000002
11.520277,104.992777
12.056388,105.35555500000001
12.061944,105.07888799999999
11.451388,104.777222
11.415277,105.21555500000001
11.685555,104.773333
11.47,105.170833
11.133888,105.247222
11.218055,105.31694399999999
11.446111,105.171388
11.432222,104.80583299999999
11.446944,105.10555500000001
11.453333,104.798333
11.416944,105.256666
11.630277,104.697222
11.438611,104.80194399999999
11.480555,104.979722
11.312777,105.36111100000001
11.6125,104.759722
11.716388,104.899166
11.927777,105.44916599999999
11.290555,105.04111100000001
11.413888,104.84222199999999
11.466944,105.133055
11.294166,105.05861100000001
11.41,105.043888
11.600833,105.70361100000001
11.3275,105.2475
11.438611,105.23
11.449444,104.74333299999999
11.5075,104.92833300000001
11.353611,105.268611
11.955277,105.67694399999999
11.439722,104.878055
11.475,105.055
11.7325,104.719166
12.149722,104.87583300000001
11.462222,104.9075
11.429722,104.926666
12.146111,104.878611
11.453333,104.798333
11.087777,105.220277
11.577222,104.79722199999999
12.060277000000001,105.07888799999999
11.4975,105.07611100000001
12.0675,105.078055
11.632222,104.79638800000001
11.663055,105.116666
11.474166,104.8725
11.439722,104.88638799999998
11.438888,104.924722
11.674722000000001,105.10916599999999
11.456944,105.164166
11.733611,104.749444
11.712777,104.92111100000001
11.394444,104.9625
11.6975,104.784444
10.978333000000001,105.209722
11.744444,105.061388
11.444166000000001,105.21
11.3175,105.25111100000001
11.587222,104.284444
11.295,105.04111100000001
11.618611,104.83111099999999
11.416944,105.256666
11.144722,105.251944
11.688333,104.7825
11.026111,105.446666
12.165833000000001,104.886944
12.072777,105.078055
11.404444,104.71583299999999
11.800277000000001,104.880555
11.426111,104.758888
11.756111,104.7375
11.613333,104.80444399999999
10.978333000000001,105.209722
11.433333,105.087222
11.584444,104.81
11.588055,104.743055
11.386111,105.867777
13.61,107.44611100000002
11.586111,104.815555
11.894166,105.454722
11.089722,105.22083300000001
13.091388,104.368888
14.058333,106.409722
11.379166,105.264444
11.701944000000001,104.76861099999999
11.621388,104.783333
11.493055,105.08444399999999
11.668611,105.12111100000001
11.534444,104.724722
11.6125,105.69
11.489444,105.053055
11.520277,104.992777
11.452222,104.79722199999999
11.576111000000001,104.681666
11.479444,105.05
12.62,104.99805500000001
11.36,105.01361100000001
11.4425,104.9175
11.475,104.728611
11.480555,104.980833
12.147777,104.87583300000001
11.464166,104.894444
11.354722,104.79638800000001
12.149722,104.87583300000001
11.290555,105.04111100000001
11.0575,105.195555
11.53,104.759722
11.461111,105.355833
12.050277000000001,105.08638799999999
11.016944,104.540277
12.154166,104.866666
11.509166,105.34583300000001
12.056388,105.085555
12.059166000000001,105.26472199999999
11.449444,104.756111
11.476666,105.009166
11.555277,104.674444
11.693888000000001,104.794444
11.453333,104.804722
12.064722,105.06694399999999
11.496666000000001,105.079722
12.149722,104.876944
11.538333,104.758888
11.480277000000001,105.06416599999999
11.716388,104.8925
11.436944,104.877222
11.415277,105.21555500000001
11.389722,105.26138799999998
11.433611,105.236944
12.141388000000001,104.87416599999999
11.204444,105.33444399999999
11.4425,104.7975
11.697222,104.723888
11.579722,104.81
11.416944,105.256666
11.446111,105.03694399999999
11.353611,105.269444
11.085833000000001,105.22
11.610555,104.82555500000001
11.448888,104.951944
11.456944,104.830277
11.453333,105.034722
11.430555,104.8725
11.51,105.324722
11.435277000000001,105.18166599999999
11.456111,105.067777
11.448888,104.912777
11.386111,105.867777
11.355555,105.324444
11.581666,105.104444
11.448611,104.8625
11.474166,105.165
11.688333,104.77416600000001
11.633055,104.68333299999999
12.270833,105.71555500000001
11.429722,104.725
11.679444,104.798055
11.385,105.255277
11.288611,104.86444399999999
11.050833,105.195
11.673055,105.111944
11.4975,105.08611100000002
12.050277000000001,105.064444
11.927777,105.448333
11.480555,104.980833
11.450277,105.84638799999999
11.325555,105.31527700000001
10.978333000000001,105.209722
11.136666,105.247222
10.978333000000001,105.209722
11.457777,104.802777
12.135555,104.406111
12.146944,104.885
12.049166,105.360277
11.460833000000001,104.758333
11.462222,104.76305500000001
12.693055000000001,104.848055
11.477777,104.997222
12.846111,104.902222
11.530833,104.744166
12.062777,105.07888799999999
11.411944,105.256111
11.591666,104.799166
11.447777,104.85333299999999
12.140555,104.87138799999998
14.196944,105.266944
11.423333,105.255555
11.411944,105.256111
13.611944,107.44027700000001
11.454444,105.18833300000001
11.738055000000001,104.75666600000001
11.711944,104.798888
11.459722,104.90833300000001
11.688333,104.798055
11.733333,105.665
11.202777000000001,105.25638799999999
11.324722,105.244722
11.506388000000001,105.324722
11.323888,105.244722
11.916944,105.451944
11.418888,105.22
11.466944,104.87166599999999
11.383333,105.25166599999999
12.053888,105.074444
11.329722,104.87361100000001
14.058055,106.4375
12.147777,104.911666
14.057222,106.4375
13.759444,107.485277
11.669444,105.12583300000001
11.704722,104.743055
11.296666,104.764444
11.4025,104.786388
11.462222,105.09166599999999
11.464166,104.894444
11.613333,105.255
12.229166000000001,105.16361100000002
11.606944,104.811944
11.621388,104.768888
11.588888,104.809166
12.160555,104.87944399999999
11.438888,104.924722
11.145555,105.251944
11.5075,104.99361100000002
11.4125,104.830277
11.465,105.69333300000001
11.665,105.12305500000001
11.453055,105.4125
12.149722,104.87583300000001
11.557222,104.758888
11.420833,104.99138799999999
11.193611,105.247222
11.5275,104.98166599999999
11.732777,104.769722
11.514722,105.335555
11.695555,104.75666600000001
11.467777,104.777222
12.317777,105.268611
11.606944,104.798055
11.584444,104.800833
11.093888,105.22138799999999
11.470555000000001,105.064722
12.258055,104.8575
12.146111,104.87777700000001
11.613333,104.80444399999999
13.868610999999998,104.758333
11.756111,104.7375
11.442222000000001,104.794722
11.480555,104.979722
11.041666000000001,105.206111
11.465833,104.912777
11.469444000000001,105.133055
11.701944000000001,104.76861099999999
11.436111,104.821111
11.448055,104.941111
11.421666,105.240277
11.276944,104.854722
11.424444,105.02027700000001
11.541944,104.757777
11.444166000000001,104.78
11.315277,105.25833300000001
11.471388000000001,105.130277
13.676944,107.228333
11.988611,104.776666
12.149722,104.87583300000001
11.606944,104.761388
11.456944,104.8625
11.385555,104.86694399999999
11.645833,104.724722
11.397222,105.26
11.475,105.16611100000001
13.070277,106.18361100000001
11.71,104.798888
11.688333,104.798055
11.606111,104.786111
11.746111,104.79333299999999
11.326111000000001,105.24388799999998
11.621388,104.783333
12.045555,105.088333
11.745277,104.79083299999999
11.655833,104.96611100000001
11.218055,105.311388
11.389722,105.26138799999998
11.452222,104.804722
11.418888,105.22
11.697222,104.723888
13.386388,106.075277
11.502222,104.984444
12.065555,105.08916599999999
11.438611,104.80194399999999
12.141388000000001,104.875
11.493888,105.054166
11.424166,104.838611
12.056388,105.09361100000001
11.610555,104.78527700000001
11.669444,105.115555
11.609444,104.659722
11.453333,104.88
11.616111,104.818333
12.05,105.3675
12.055833,105.635833
11.723611,104.791666
11.505555000000001,105.33277700000001
12.056388,105.09361100000001
11.408055000000001,105.036666
12.134444,104.93666599999999
11.584166,104.7275
11.688333,104.787222
11.448611,104.75694399999999
11.434166000000001,105.05027700000001
11.672222,105.102777
11.985555,104.902222
11.448611,104.9
11.475,105.055
11.613333,104.80444399999999
11.070555,105.18861100000001
12.6625,104.86638799999999
11.483611,105.04166599999999
13.552776999999999,106.434444
11.463055,105.3475
11.444722,104.78944399999999
11.441111,104.88361100000002
11.451111000000001,104.869722
11.331944,104.87638799999999
11.032777000000001,105.206111
11.681111,104.656666
13.346110999999999,105.023055
11.710277,104.95055500000001
11.586111,104.751388
11.425277000000001,105.08611100000002
14.067222000000001,106.4125
11.596111,104.751388
11.670277,105.11277700000001
11.749722,104.706388
11.433333,104.895555
11.4325,105.235555
11.577222,104.804722
11.445,105.17333300000001
13.638333,106.498888
11.465833,104.875277
11.296666,104.764444
11.344722,105.249444
12.154166,104.876944
11.505555000000001,105.359444
11.444722,105.216944
11.504722000000001,105.12111100000001
12.055555,105.090833
11.681944,104.79083299999999
11.473055,104.992777
11.588055,104.743055
14.067222000000001,106.41444399999999
11.39,105.255
11.716388,104.899166
11.472222,105.028333
11.53,104.74972199999999
11.632222,104.79638800000001
11.696111,106.35083300000001
11.388055,104.850555
11.446944,104.781666
11.613055000000001,104.638611
11.444166000000001,104.78
11.688333,104.784444
11.6975,104.775277
11.565277,104.6725
11.537222,105.207222
11.513055,104.987222
12.172222,104.885
11.621388,104.768888
11.408055000000001,105.223611
11.464166,104.885277
11.505555000000001,105.33277700000001
11.541944,104.757777
11.466944,104.91194399999999
12.146944,104.87138799999998
11.465833,105.17527700000001
11.456944,104.930277
11.583333,104.815555
11.485,104.988055
11.452222,104.804722
11.377222,105.17416599999999
12.141388000000001,104.87416599999999
12.8475,104.899722
11.643333,105.106388
11.53,104.759722
11.483888,105.09638799999999
11.324722,105.03944399999999
11.294166,105.05861100000001
11.744444,104.79083299999999
11.614166,104.811111
12.041111,105.10111100000002
11.455,104.84055500000001
11.344722,105.250277
11.894166,105.454722
11.458333,104.783888
11.455,104.798333
11.587222,104.814722
11.286666,104.630555
12.149722,104.876944
11.465833,104.912777
11.439722,104.803888
11.435277000000001,104.81916600000001
11.430555,104.89638799999999
11.485,104.97694399999999
11.453055,105.4125
11.665833000000001,105.12305500000001
11.345555000000001,105.274166
11.51,105.324722
10.978333000000001,105.209722
11.296666,104.764444
11.588888,104.812777
11.453055,104.756111
11.673055,105.111944
11.427777,105.334722
12.149722,104.87583300000001
11.688333,104.798055
11.433333,104.793611
11.328055,104.87777700000001
11.513888,104.98888799999999
11.756111,104.7375
11.408055000000001,105.036666
11.469444000000001,105.01833300000001
11.335555000000001,105.2475
11.464166,104.894444
11.669444,105.12583300000001
11.756111,104.7375
11.490277,105.08083300000001
11.516666,104.99638799999998
11.415277,105.21555500000001
11.407222,105.036666
11.578888000000001,104.678055
11.296666,104.63166600000001
11.531944000000001,104.98361100000001
11.466944,104.87166599999999
12.041944,105.090833
11.483055,105.02388799999999
11.457777,104.802777
11.51,105.324722
11.446944,104.80833299999999
11.469444000000001,104.992777
11.443333,104.88666599999999
11.346388000000001,104.83694399999999
12.847777,104.90055500000001
12.059166000000001,105.08277700000001
11.443333,104.80194399999999
11.386666,105.262222
11.668611,105.12111100000001
11.53,104.759722
12.140555,104.880555
13.652776999999999,106.50166599999999
11.390833,104.899166
11.484166,105.03388799999999
11.404444,104.71583299999999
11.332777,105.22916599999999
11.397222,105.26
11.688333,104.770555
12.850555,105.16027700000001
11.4325,105.235555
11.742777,104.86694399999999
12.053888,105.08638799999999
12.175,104.885
11.408055000000001,105.233888
11.426111,104.758888
11.453333,105.169722
11.459166,104.429722
11.927777,105.442777
11.312777,105.36111100000001
11.216111,105.27861100000001
11.451388,105.157777
11.446111,105.171388
11.7175,106.40305500000001
11.374444,105.25166599999999
11.468055,104.87888799999999
11.5275,104.98166599999999
11.358333,105.009166
12.153333,104.87944399999999
11.5075,104.98611100000001
11.509166,105.34583300000001
12.728611,105.04888799999999
11.538333,104.758888
11.454166,104.754166
13.181110999999998,106.439722
11.408055000000001,105.036666
11.459444,104.803888
11.4025,105.03111100000001
11.428888,104.811111
11.756111,104.7375
11.661111,104.71555500000001
11.669444,105.12111100000001
11.596111,104.751388
11.588055,104.743055
11.586111,104.815555
11.7025,104.536666
11.423888,104.83833299999999
11.326666000000001,105.2475
12.147777,104.866666
12.147777,104.87583300000001
11.538333,104.758888
12.149722,104.87583300000001
11.576111000000001,104.681666
11.421666,105.240277
11.445,104.935
11.570555,104.683611
11.388055,105.26138799999998
11.679444,104.798055
11.511944,105.32194399999999
11.463055,105.3475
11.091388,105.22166599999998
11.444166000000001,104.8075
10.985555,105.203333
11.742777,104.86694399999999
11.429722,104.882777
11.485555,105.860555
11.435277000000001,104.85333299999999
11.654722,104.655
11.585277,104.755
11.610555,104.82555500000001
11.435277000000001,104.88083300000001
11.701111000000001,104.751388
11.586111,104.815555
11.438333,105.22694399999999
13.674722000000001,107.373333
11.446944,104.781666
11.324722,105.244722
11.159166,105.195
11.398888000000001,105.028333
11.616944,104.820277
11.930555,105.448333
11.721944,105.00638799999999
12.143333,104.880555
11.433333,105.087222
11.0425,105.209722
11.435,104.758888
11.388055,105.26138799999998
11.413888,104.84222199999999
11.668611,105.108333
11.425277000000001,104.994444
11.325833,105.24861100000001
11.350277,105.2725
11.519722,105.732222
11.132222,105.24555500000001
11.538333,104.758888
11.2425,104.87166599999999
11.691944,104.7725
13.181110999999998,106.42944399999999
11.4425,104.82583299999999
11.438055,105.226666
11.397222,105.26138799999998
11.474166,104.8725
12.154166,104.866666
11.453333,104.770833
12.080833,105.07916599999999
11.670277,105.11111100000001
11.458611,104.787222
12.154166,104.866666
11.54,105.098055
12.149722,104.87583300000001
11.629444,104.768888
11.1575,104.994444
11.374444,105.25166599999999
12.143611,104.406111
11.304166,104.88361100000002
11.474166,104.8725
11.436111,104.920277
11.464166,104.914722
11.453333,105.034722
11.579722,104.681666
11.555277,104.6725
11.526388,105.35861100000001
11.463055,105.3475
11.661388,104.966944
11.372777000000001,105.26666599999999
12.060277000000001,105.08638799999999
11.2725,105.031944
11.45,105.1375
12.136111,104.93666599999999
11.468611,105.10083300000001
11.6975,104.784444
11.428333,104.866666
11.691944,104.7725
11.475,104.728611
11.683055,104.798055
11.495833,105.085277
11.555277,104.6725
11.425277000000001,104.994444
11.09,105.22083300000001
11.703611,104.74583299999999
11.558055,104.736666
11.393888,105.260833
11.7175,106.40305500000001
11.475,105.055
11.493055,104.99
12.184166000000001,104.89833300000001
12.052777,105.064444
12.698611,104.834166
11.254166,105.2775
11.600555,104.780833
11.433333,104.89833300000001
11.4225,105.04305500000001
11.618611,104.773333
11.7425,104.788888
11.579722,104.6825
11.511944,105.32194399999999
11.394444,105.26138799999998
14.055554999999998,106.41361100000002
11.636666,104.773333
12.0675,105.07916599999999
11.357222,105.32361100000001
11.426388000000001,104.776111
11.456944,104.86694399999999
11.361111,105.00833300000001
11.416944,104.78
11.366388,105.23638799999999
11.456944,104.89
11.455,104.82583299999999
11.0475,105.195555
11.71,104.798888
11.433333,104.803888
11.425555000000001,104.435277
11.5075,105.322777
11.579722,104.81
11.415277,105.21555500000001
11.408055000000001,105.036666
11.383055,105.26305500000001
11.357222,105.2475
11.470555000000001,105.064722
11.579722,104.81
11.051666,105.195
11.586111,104.815555
11.464166,104.89833300000001
12.172222,104.886944
11.543611,104.723055
11.384166,105.858888
11.409722,105.166944
13.638333,106.498888
11.6125,104.811944
11.435277000000001,105.045833
11.457777,105.188055
12.056388,105.085555
11.712777,104.92111100000001
12.218333,105.14333300000001
11.437777,104.816666
11.4225,105.04666599999999
11.218055,105.31694399999999
12.073611,105.078055
12.063888,105.07361100000001
11.466944,105.133055
11.756111,104.7375
13.385554999999998,106.0825
11.473055,105.038055
11.683055,104.798055
12.065555,105.08916599999999
11.160277,105.011944
11.7425,104.788888
11.554166,104.671944
11.316666,105.25111100000001
11.504722000000001,105.32361100000001
12.056388,105.35555500000001
12.054722,105.07722199999999
11.1575,104.994444
11.418888,104.768055
12.05,105.3675
11.688333,104.655
11.594166,104.770555
11.332777,105.22916599999999
11.719166,104.921944
11.487777000000001,105.061388
11.489444,105.053055
11.449722,105.200833
11.439722,104.89638799999999
11.618611,104.768888
13.342222,104.19194399999999
11.0875,105.194166
12.147777,104.87583300000001
11.747222,104.771388
11.463055,105.17888799999999
12.143333,104.880555
11.33,104.87361100000001
11.374444,105.267777
11.688333,104.798055
11.434722,105.235277
11.4125,104.830277
12.049166,105.3575
11.303611,104.88388799999998
11.466666,104.776388
11.6125,104.759722
11.296666,104.764444
11.45,104.977222
11.588055,104.75694399999999
11.665,105.11916599999999
11.456944,104.830277
11.450555,105.03944399999999
11.441388,105.03388799999999
11.427777,105.235555
11.545555,104.736666
11.71,104.798888
11.586111,104.815555
11.584444,104.81
12.156944000000001,104.878611
12.0575,105.085555
11.616111,104.818333
11.608888,104.82555500000001
11.327222,105.47388799999999
11.6675,105.094444
11.556388,104.736666
11.446944,104.82583299999999
11.400833,105.256666
11.628611,104.787222
11.296666,104.764444
12.8425,104.896666
11.655833,104.96611100000001
11.444166000000001,104.87166599999999
11.586111,104.815555
11.933888,104.067777
11.462222,104.864166
11.584444,104.802777
11.254166,105.2775
11.328333,105.22916599999999
11.665833000000001,105.12305500000001
11.4425,104.87611100000001
11.448888,105.059722
11.461111,105.355833
11.480555,104.979722
11.6875,104.79083299999999
11.719166,104.76333299999999
11.444166000000001,104.8075
14.196944,105.266944
11.732777,104.769722
11.401666,104.95416599999999
11.429722,104.926666
11.606944,104.761388
11.648333000000001,104.680555
11.285833,104.626944
11.591666,104.799166
11.673888,105.115555
11.436111,105.25944399999999
12.150555,104.87583300000001
12.060277000000001,105.07888799999999
11.4325,105.235555
11.673055,105.11388799999999
11.398888000000001,105.265833
11.275833,105.3575
10.548333,104.770833
11.609722,104.749444
11.038055,105.20888799999999
12.161388,104.88972199999999
11.453333,104.798333
11.437777,105.045833
11.635833,104.7725
10.978333000000001,105.209722
11.557222,104.73388800000001
11.438888,104.924722
10.916111,105.00583300000001
11.480555,104.980833
11.480555,104.980833
11.587222,104.284444
11.286666,104.63166600000001
11.387222,104.850555
11.726388,104.769722
11.466944,104.87166599999999
12.151388,104.87777700000001
11.6125,104.759722
11.429722,104.803888
11.458333,104.783888
11.4575,104.77194399999999
11.431666,104.88083300000001
11.545555,104.736666
11.438888,104.919444
11.424166,104.725
11.490277,105.08083300000001
12.041944,105.090833
12.8525,105.06638799999999
11.985,104.90166599999999
11.756388000000001,105.00638799999999
11.636666,104.773333
11.383888,105.26305500000001
12.144166,104.875
13.320276999999999,104.209166
11.285833,104.846944
11.443055000000001,104.93888799999999
12.147777,104.876944
11.078055,105.19388799999999
11.504722000000001,105.32361100000001
11.453333,104.798333
12.160555,104.880555
13.151666,106.18388799999998
11.669444,105.12111100000001
11.673888,105.10555500000001
11.463888,105.343055
12.522777,104.59777700000001
11.433333,104.793611
12.135277,104.917222
11.315833,105.253055
12.041944,105.090833
11.439444,105.32555500000001
11.423333,105.255555
11.386944,104.860277
12.683611,105.060833
11.398888000000001,104.69833299999999
12.064722,105.074444
11.076944000000001,105.194166
11.404444,104.71583299999999
11.579722,104.81
12.764722,105.02388799999999
11.479444,105.07888799999999
11.279444,104.86333300000001
11.272222,104.773611
11.4475,104.930555
13.36,106.0925
11.408055000000001,105.223611
11.283888000000001,104.605
11.439722,104.901944
11.584444,104.81
11.296666,105.30805500000001
12.059166000000001,105.06527700000001
11.447777,104.930277
11.408055000000001,105.036666
11.459166,104.425
11.496666000000001,104.98611100000001
11.444444,104.848611
11.443888000000001,104.94694399999999
11.513888,104.98888799999999
12.053888,105.07361100000001
13.545554999999998,106.438055
11.531944000000001,104.979722
11.404444,104.71583299999999
11.669444,105.12111100000001
11.425277000000001,104.994444
11.361944,105.00833300000001
11.373611,104.83694399999999
11.404444,105.23
11.349166,105.242777
11.459166,104.425
13.566388,106.71083300000001
11.333888,105.03583300000001
11.618611,104.741388
11.71,104.798888
11.455833,104.756111
11.988611,104.776666
11.410833,105.04305500000001
12.728611,105.023055
11.327222,105.47388799999999
11.480555,104.979722
11.464166,104.914722
11.415277,105.21555500000001
11.2725,105.031944
11.455833,104.95638799999999
11.296666,104.63166600000001
13.868610999999998,104.758333
12.2275,105.144444
11.323888,105.244722
12.146111,104.87777700000001
11.415277,105.21555500000001
12.684166000000001,104.950277
12.04,104.163888
11.586111,104.815555
11.443333,105.727222
11.750833,104.78527700000001
12.0675,105.078055
11.598888,104.77444399999999
11.693888000000001,104.794444
11.451111000000001,104.78
11.404444,104.71583299999999
11.438333,104.80111099999999
11.581666,104.679722
12.147777,104.87583300000001
11.377222,105.17416599999999
11.4325,104.88444399999999
12.165833000000001,104.887777
11.4325,105.235555
11.445,104.914722
11.193611,105.247222
11.462777,104.75694399999999
11.0825,105.194166
11.421666,104.80111099999999
13.674722000000001,107.373333
11.4325,105.235555
11.610555,104.78527700000001
11.398055000000001,104.868055
11.452222,104.750555
11.427777,105.235555
11.557222,104.73388800000001
11.632222,104.799166
12.288055,106.022777
11.681111,104.8
11.026111,105.446666
11.398888000000001,104.69833299999999
11.374444,105.267777
11.441388,105.03388799999999
11.505555000000001,105.32361100000001
12.146944,104.88611100000001
11.459722,104.895555
11.095,105.225277
12.141666,104.880555
12.149722,104.87583300000001
13.545554999999998,106.438055
11.683888,104.784444
11.4125,105.21555500000001
11.702777000000001,104.963333
13.652776999999999,106.50166599999999
11.444166000000001,104.78
11.4025,104.786388
12.033888000000001,105.08
11.435277000000001,105.18166599999999
12.134444,104.93666599999999
11.618611,104.83111099999999
11.374444,104.86694399999999
12.149722,104.87583300000001
11.584444,104.800833
11.936111,105.25888799999998
11.444166000000001,104.92944399999999
11.985555,104.902222
11.3275,105.2475
11.718888,104.684166
11.449722,105.2
11.299444,105.053055
11.425277000000001,104.994444
11.505555000000001,105.33277700000001
11.747222,104.771388
11.194444,105.27027700000001
11.244166,104.636111
11.452222,105.19888799999998
11.635,104.69
11.459722,104.89
11.691666,104.727777
11.453333,104.798333
11.455,104.76055500000001
11.470555000000001,105.168888
11.339166,104.87166599999999
11.1275,105.18305500000001
11.390833,104.899166
11.472222,105.1375
11.479444,105.07888799999999
11.578055,104.811944
11.538333,104.758888
11.450555,104.830277
11.672222,105.102777
11.669444,105.114722
11.4425,104.7975
11.290555,105.04111100000001
11.426111,104.758888
11.673888,105.108333
11.679444,104.798055
11.927777,105.44916599999999
11.723611,104.784444
11.721944,105.00638799999999
11.5075,104.99361100000002
11.701111000000001,104.751388
11.365833,104.393055
11.34,105.24555500000001
11.625277,105.68722199999999
12.161388,104.904444
12.643611,104.910555
11.718055,104.718333
11.439722,105.04138799999998
12.147777,104.876944
11.663055,105.116666
11.927777,105.44083300000001
11.681944,104.79083299999999
11.742777,104.867777
11.673888,105.108333
14.196944,105.266944
12.229166000000001,105.16361100000002
12.643611,104.910555
11.686666,104.801666
11.328333,105.22916599999999
11.433333,104.793611
11.721944,104.87638799999999
11.444444,104.931944
11.084722,105.193611
11.2425,104.87166599999999
11.54,104.752222
13.941666,107.445555
12.522777,104.59777700000001
12.160555,104.880555
12.053888,105.08638799999999
11.614166,104.802777
11.55,105.08333300000001
11.584444,104.81
12.153333,104.88138799999999
13.611944,107.44027700000001
11.440555,105.04138799999998
11.283888000000001,104.605
12.041111,105.08277700000001
12.160555,104.886944
12.055555,105.25444399999999
11.445,104.805555
11.456944,104.90472199999999
11.433333,105.20166599999999
11.353611,105.324444
11.405277,104.80583299999999
11.456944,104.930277
11.453333,105.034722
11.514722,104.994444
11.332777,105.232777
11.744444,104.753888
11.363888000000001,105.27027700000001
11.581666,104.68083299999999
11.525555,104.754166
11.632222,104.79638800000001
11.444166000000001,104.92944399999999
11.374444,104.86694399999999
12.643611,104.910555
11.091388,105.22166599999998
11.286666,104.630555
11.453333,104.830277
11.509722,104.4075
12.055555,105.091944
11.674722000000001,105.10555500000001
12.149722,104.87416599999999
11.438611,105.37055500000001
11.465833,104.875277
11.632222,104.79638800000001
11.503611,105.00444399999999
12.218333,105.14333300000001
12.62,104.99805500000001
11.393611,105.00833300000001
11.408055000000001,105.036666
11.448611,104.8625
13.36,106.0925
11.336388000000001,105.24555500000001
11.588055,104.75694399999999
12.091666,105.078055
11.400833,104.86694399999999
11.594166,104.6825
11.420555,105.209166
11.452222,105.191666
11.451388,104.798333
11.669444,105.12583300000001
12.140555,104.87138799999998
13.868610999999998,104.758333
14.181666,105.25111100000001
12.151388,104.87777700000001
11.462222,104.864166
12.050277000000001,105.064444
11.742777,104.86694399999999
11.609722,104.8275
11.691111,104.771388
11.415277,105.21555500000001
11.447222,105.08333300000001
11.520277,104.992777
12.149722,104.87583300000001
11.286666,104.630555
11.584444,104.802777
11.493055,105.08444399999999
11.433333,104.793611
11.298611,104.736944
12.173055,104.899722
12.2275,105.144444
11.679444,104.798055
11.531944000000001,104.755
11.543611,104.723055
11.543611,104.73305500000001
11.669444,105.114722
11.454166,105.189722
12.149722,104.87583300000001
11.591666,104.81916600000001
11.417777000000001,105.256666
11.606944,104.811944
11.955277,104.760277
12.043888,105.08638799999999
11.354722,104.79638800000001
11.355555,105.00444399999999
12.049166,105.360277
12.643611,104.910555
12.156111,104.87583300000001
11.683888,104.784444
11.584444,104.800833
11.154722,105.23638799999999
11.490277,105.08083300000001
11.459722,104.90833300000001
12.151388,104.880555
11.134722,105.24638799999998
11.685555,104.657777
11.4975,105.07611100000001
12.053888,105.07722199999999
13.547222,106.460277
11.433333,104.793611
11.474166,105.08333300000001
11.490277,105.06888799999999
12.439166,104.9725
11.455,104.755277
11.397222,105.24555500000001
11.688333,104.77416600000001
12.218333,105.14333300000001
11.035277,105.201388
12.229166000000001,105.16361100000002
11.404444,104.71583299999999
11.441388,104.781666
11.397222,105.239166
12.693055000000001,104.848055
12.854166000000001,105.057222
11.447777,104.930277
11.466944,104.87166599999999
11.594166,104.770555
11.474166,104.90472199999999
13.663054999999998,107.51833300000001
11.704722,104.742222
12.04,104.163888
11.449722,105.089722
11.618611,104.773333
11.579722,104.682222
11.39,105.255
12.161388,104.885
12.0675,105.078055
11.984722,105.39138799999999
11.4225,105.1675
11.685555,104.802777
12.155,104.876944
12.055555,105.25444399999999
11.457777,104.802777
11.4225,105.04305500000001
11.588055,104.743055
11.506388000000001,105.324722
11.669444,105.115555
11.724166,104.486944
11.933888,104.067777
12.063888,105.07361100000001
11.586111,104.815555
11.453333,104.822777
11.610555,104.78527700000001
11.719166,104.76333299999999
11.489444,105.059722
11.312777,105.36111100000001
12.045555,105.088333
11.453333,104.770833
14.181666,105.25111100000001
12.172222,104.886944
11.44,104.827777
11.611388,104.73861099999999
11.493888,105.054166
12.061944,105.07888799999999
11.421666,105.240277
11.588888,104.812777
11.531944000000001,104.979722
11.471111,105.169722
11.510277,105.123888
11.479444,105.140277
11.404444,104.80194399999999
12.843333,104.90055500000001
12.055555,105.08638799999999
12.161388,104.88972199999999
11.609722,104.749444
11.316666,105.251944
11.463055,105.17694399999999
11.538333,104.758888
11.629444,104.766944
12.931111,105.010277
11.471388000000001,104.866111
11.433333,104.895555
11.4125,105.21555500000001
11.344722,105.249444
11.465,104.901944
11.453333,104.817777
12.931944,105.009166
11.357222,105.2475
11.600555,104.709166
11.480277000000001,104.87166599999999
11.456944,104.930277
11.456944,104.901944
11.41,105.043888
11.649444,105.165277
11.448611,104.811944
11.483611,104.984444
11.156666,104.994444
11.329444,105.243055
11.454166,104.88444399999999
11.676666,105.114722
11.756111,104.7375
11.184722,103.755
11.409722,104.777222
11.286666,104.630555
11.398888000000001,105.265833
13.586666000000001,107.519722
10.945,104.97611100000002
12.131666000000001,105.08638799999999
11.335555000000001,105.24388799999998
11.509166,105.34583300000001
12.143333,104.87944399999999
11.433333,104.90472199999999
11.444166000000001,104.8075
11.516666,104.99638799999998
11.584444,104.800833
11.673888,105.108333
11.372777000000001,105.26666599999999
11.475,105.055
13.868610999999998,104.758333
11.462222,105.09166599999999
13.668054999999999,107.228333
11.218055,105.279444
11.726388,104.76861099999999
11.525555,104.754166
11.337222,105.324444
11.411666,104.7625
12.060277000000001,105.064444
11.286666,104.63166600000001
11.264166000000001,105.117222
11.451111000000001,104.783055
11.081388,105.194166
11.545555,104.736666
11.290555,105.04111100000001
11.076111000000001,105.194166
11.464166,104.914722
11.426111,104.9175
11.035277,105.20416599999999
11.308611,104.930277
11.577222,104.79722199999999
11.456944,104.911111
12.464444,105.164722
11.459444,104.803888
11.433333,104.803888
11.430555,104.890833
11.489444,105.053055
11.455,104.82583299999999
11.475277,105.01305500000001
13.389166000000001,106.087222
12.134444,104.93666599999999
11.410833,104.84222199999999
11.415277,105.21555500000001
11.405277,104.80027700000001
11.244166,104.636111
11.331111,105.2475
11.456944,104.892777
11.439722,104.839444
11.5075,104.99361100000002
11.695555,104.75666600000001
12.2275,105.144444
12.048055,105.35388799999998
11.7425,104.788888
11.216388,105.122777
11.354722,104.79638800000001
11.285833,104.846944
11.543611,104.73305500000001
11.683888,104.807222
11.429722,104.809166
11.538333,104.758888
11.448611,104.892777
11.436388,104.9425
11.673055,105.108333
11.326666000000001,105.244722
11.444166000000001,104.78
11.545277,104.7275
11.456944,104.930277
11.315833,105.253055
11.685555,104.657777
13.181110999999998,106.439722
11.618611,104.741388
11.584444,104.81
11.716388,104.899166
11.688333,104.770555
13.516110999999999,105.942777
11.686666,104.795277
12.050277000000001,105.07361100000001
11.716388,104.899166
11.735555,104.86138799999999
11.469444000000001,105.03388799999999
11.733611,104.749444
11.646111,104.683611
13.725,107.40722199999999
12.054722,105.07722199999999
12.0575,105.085555
12.032222,105.08
12.134444,104.93666599999999
11.264166000000001,105.117222
11.504722000000001,105.32361100000001
11.444166000000001,105.1375
13.643610999999998,106.90472199999999
11.056388,104.768888
11.742222,104.72444399999999
13.676110999999999,107.245
11.302222,104.88361100000002
11.509166,105.34583300000001
13.070277,106.18361100000001
11.408611,105.26
11.088611,105.22083300000001
11.921388,105.4575
12.1775,104.899722
11.538333,104.758888
11.204444,105.33444399999999
11.285833,104.625277
11.655833,104.96611100000001
12.145277,104.878611
11.316666,105.256666
11.735555,104.86138799999999
11.355555,105.25388799999999
11.471111,105.169722
11.440555,105.220555
11.299444,105.053055
11.201666000000001,105.33333300000001
11.355555,105.00444399999999
